hello world
=========================== Baseline triangulation ===========================
Find camera matrices...
F keeping 15777 / 22551
22551 matches before, 15777 new matches after Fundamental Matrix
----------------------- SVD ------------------------
U:
[0.443813769828018, 0.1977144089715506, -0.8740356687207185;
  -0.5375525617559032, 0.8391216149761328, -0.08313939276608173;
  -0.7169843659806739, -0.5067385201115832, -0.4786956143254433]
W:
[237.2535753865256; 230.0716197224092; 1.661581393366265e-014]
Vt:
[0.1451537726770203, 0.8392177136269201, -0.5240648923677609;
  -0.474428602805282, 0.5238463256223418, 0.7074620328838852;
  0.8682441379691867, 0.1459405915664871, 0.4741871577925408]
----------------------------------------------------
det(R) == -1 [-1]: flip E's sign
----------------------- SVD ------------------------
U:
[-0.443813769828018, -0.1977144089715506, 0.8740356687207185;
  0.5375525617559032, -0.8391216149761328, 0.08313939276608173;
  0.7169843659806739, 0.5067385201115832, 0.4786956143254433]
W:
[237.2535753865256; 230.0716197224092; 1.661581393366265e-014]
Vt:
[0.1451537726770203, 0.8392177136269201, -0.5240648923677609;
  -0.474428602805282, 0.5238463256223418, 0.7074620328838852;
  0.8682441379691867, 0.1459405915664871, 0.4741871577925408]
----------------------------------------------------
P
[1, 0, 0, 0;
  0, 1, 0, 0;
  0, 0, 1, 0]
Testing P1 
[0.5196194066426623, 0.1941220608801162, 0.8320530618416016, 0.8740356687207185;
  0.2054139330631017, -0.9736672453171452, 0.09887978307050324, 0.08313939276608173;
  0.8293375599500333, 0.1195354377420297, -0.5458117722987902, 0.4786956143254433]
test branch 1
Triangulating...Done. (15777points, 1.39307s, mean reproj err = 5.92309)
Triangulating...Done. (15777points, 1.39049s, mean reproj err = 6.01075)
15777/15777 = 100% are in front of camera
0/15777 = 0% are in front of camera
P
[1, 0, 0, 0;
  0, 1, 0, 0;
  0, 0, 1, 0]
Testing P1 
[0.5196194066426623, 0.1941220608801162, 0.8320530618416016, -0.8740356687207185;
  0.2054139330631017, -0.9736672453171452, 0.09887978307050324, -0.08313939276608173;
  0.8293375599500333, 0.1195354377420297, -0.5458117722987902, -0.4786956143254433]
test branch 2
Triangulating...Done. (15777points, 1.34281s, mean reproj err = 5.92309)
Triangulating...Done. (15777points, 1.3382s, mean reproj err = 6.01075)
0/15777 = 0% are in front of camera
P
[1, 0, 0, 0;
  0, 1, 0, 0;
  0, 0, 1, 0]
Testing P1 
[0.9981332848428213, 0.06099250420650737, -0.00314008272164118, 0.8740356687207185;
  -0.0610433522561652, 0.9979340696426663, -0.0200325183578112, 0.08313939276608173;
  0.001911762069216172, 0.02018680452784669, 0.9997943979082627, 0.4786956143254433]
test branch 3
Triangulating...Done. (15777points, 1.35094s, mean reproj err = 6.55657)
Triangulating...Done. (15777points, 1.34753s, mean reproj err = 6.67507)
15657/15777 = 99.2394% are in front of camera
15657/15777 = 99.2394% are in front of camera
Done. (8.78788s)
[1, 0, 0, 0;
  0, 1, 0, 0;
  0, 0, 1, 0]
[0.9981332848428213, 0.06099250420650737, -0.00314008272164118, 0.8740356687207185;
  -0.0610433522561652, 0.9979340696426663, -0.0200325183578112, 0.08313939276608173;
  0.001911762069216172, 0.02018680452784669, 0.9997943979082627, 0.4786956143254433]
Triangulating...Done. (15777points, 1.39568s, mean reproj err = 6.55657)
triangulation reproj error 6.55657
15657/15777 = 99.2394% are in front of camera
15657/15777 = 99.2394% are in front of camera
filtered out 127 high-error points
3007/15650 points were found in other views, adding 12643 new
 after 12643
found 18278 3d-2d point correspondences
(9374/18278)
found t = [-0.581854159417539; -0.4297038426110071; 0.2085623315593388]
R = 
[0.9995919264883819, 0.02575371644888201, 0.012358259922654;
  -0.02570461361004775, 0.9996611089643214, -0.004115830825157306;
  -0.0124600697591723, 0.003796486967414899, 0.9999151630754996]
frame pose [0.9995919264883819, 0.02575371644888201, 0.012358259922654, -0.581854159417539;
  -0.02570461361004775, 0.9996611089643214, -0.004115830825157306, -0.4297038426110071;
  -0.0124600697591723, 0.003796486967414899, 0.9999151630754996, 0.2085623315593388]
found 16824 3d-2d point correspondences
(9884/16824)
found t = [-1.952077889861306; -0.3092853318792643; 0.2546581883269674]
R = 
[0.9976205530571317, 0.02579216090911523, 0.06393744250140887;
  -0.0250725142418172, 0.999613218775767, -0.01203253416136789;
  -0.06422305775635828, 0.01040083094704072, 0.9978813664800212]
frame pose [0.9976205530571317, 0.02579216090911523, 0.06393744250140887, -1.952077889861306;
  -0.0250725142418172, 0.999613218775767, -0.01203253416136789, -0.3092853318792643;
  -0.06422305775635828, 0.01040083094704072, 0.9978813664800212, 0.2546581883269674]
found 17904 3d-2d point correspondences
(7061/17904)
found t = [-3.984052739733297; 0.7233584372213979; 0.711860085733047]
R = 
[0.9880990774697949, 0.02698391677272198, 0.1514334221331052;
  -0.01597859022787596, 0.997172635892126, -0.07342628195870386;
  -0.1529865933919376, 0.07013274886636246, 0.9857365265519877]
frame pose [0.9880990774697949, 0.02698391677272198, 0.1514334221331052, -3.984052739733297;
  -0.01597859022787596, 0.997172635892126, -0.07342628195870386, 0.7233584372213979;
  -0.1529865933919376, 0.07013274886636246, 0.9857365265519877, 0.711860085733047]
found 17381 3d-2d point correspondences
(4488/17381)
found t = [-4.36625414129848; 1.895409151329253; 0.7547827050162859]
R = 
[0.985511925027113, 0.02050593050322662, 0.1683619685188753;
  -0.002909520630369073, 0.9945622217233215, -0.1041034188222086;
  -0.169581190935361, 0.1021053080646034, 0.980212592117637]
frame pose [0.985511925027113, 0.02050593050322662, 0.1683619685188753, -4.36625414129848;
  -0.002909520630369073, 0.9945622217233215, -0.1041034188222086, 1.895409151329253;
  -0.169581190935361, 0.1021053080646034, 0.980212592117637, 0.7547827050162859]
found 16685 3d-2d point correspondences
(2398/16685)
not enough inliers to consider a good pose (2398/16685)
