hello world
preprocessor begin
camera open successfully
getFirst  0
getSecond  0
Frame size: 640  480
get first is true now
create first keyframe
keyframe number: 1
first keyframe keypoints number: 378F keeping 202 / 245
245 matches before, 202 new matches after Fundamental Matrix
F keeping 190 / 243
243 matches before, 190 new matches after Fundamental Matrix
F keeping 195 / 246
246 matches before, 195 new matches after Fundamental Matrix
F keeping 176 / 226
226 matches before, 176 new matches after Fundamental Matrix
F keeping 188 / 234
234 matches before, 188 new matches after Fundamental Matrix
F keeping 182 / 243
243 matches before, 182 new matches after Fundamental Matrix
F keeping 208 / 249
249 matches before, 208 new matches after Fundamental Matrix
F keeping 206 / 255
255 matches before, 206 new matches after Fundamental Matrix
F keeping 198 / 250
250 matches before, 198 new matches after Fundamental Matrix
F keeping 199 / 245
245 matches before, 199 new matches after Fundamental Matrix
F keeping 195 / 241
241 matches before, 195 new matches after Fundamental Matrix
F keeping 169 / 226
226 matches before, 169 new matches after Fundamental Matrix
F keeping 196 / 252
252 matches before, 196 new matches after Fundamental Matrix
F keeping 184 / 235
235 matches before, 184 new matches after Fundamental Matrix
F keeping 188 / 230
230 matches before, 188 new matches after Fundamental Matrix
F keeping 182 / 245
245 matches before, 182 new matches after Fundamental Matrix
F keeping 196 / 242
242 matches before, 196 new matches after Fundamental Matrix
F keeping 213 / 261
261 matches before, 213 new matches after Fundamental Matrix
F keeping 193 / 249
249 matches before, 193 new matches after Fundamental Matrix
F keeping 192 / 238
238 matches before, 192 new matches after Fundamental Matrix
F keeping 174 / 238
238 matches before, 174 new matches after Fundamental Matrix
F keeping 192 / 250
250 matches before, 192 new matches after Fundamental Matrix
F keeping 177 / 233
233 matches before, 177 new matches after Fundamental Matrix
F keeping 182 / 243
243 matches before, 182 new matches after Fundamental Matrix
F keeping 181 / 242
242 matches before, 181 new matches after Fundamental Matrix
F keeping 170 / 242
242 matches before, 170 new matches after Fundamental Matrix
F keeping 185 / 240
240 matches before, 185 new matches after Fundamental Matrix
F keeping 183 / 232
232 matches before, 183 new matches after Fundamental Matrix
F keeping 180 / 245
245 matches before, 180 new matches after Fundamental Matrix
F keeping 164 / 239
239 matches before, 164 new matches after Fundamental Matrix
F keeping 155 / 219
219 matches before, 155 new matches after Fundamental Matrix
F keeping 150 / 216
216 matches before, 150 new matches after Fundamental Matrix
F keeping 153 / 213
213 matches before, 153 new matches after Fundamental Matrix
F keeping 169 / 223
223 matches before, 169 new matches after Fundamental Matrix
F keeping 138 / 200
200 matches before, 138 new matches after Fundamental Matrix
F keeping 156 / 212
212 matches before, 156 new matches after Fundamental Matrix
F keeping 147 / 200
200 matches before, 147 new matches after Fundamental Matrix
F keeping 142 / 214
214 matches before, 142 new matches after Fundamental Matrix
F keeping 145 / 208
208 matches before, 145 new matches after Fundamental Matrix
F keeping 132 / 198
198 matches before, 132 new matches after Fundamental Matrix
F keeping 141 / 197
197 matches before, 141 new matches after Fundamental Matrix
F keeping 134 / 188
188 matches before, 134 new matches after Fundamental Matrix
F keeping 132 / 189
189 matches before, 132 new matches after Fundamental Matrix
F keeping 131 / 201
201 matches before, 131 new matches after Fundamental Matrix
F keeping 129 / 186
186 matches before, 129 new matches after Fundamental Matrix
F keeping 138 / 197
197 matches before, 138 new matches after Fundamental Matrix
F keeping 131 / 187
187 matches before, 131 new matches after Fundamental Matrix
F keeping 147 / 192
192 matches before, 147 new matches after Fundamental Matrix
F keeping 125 / 179
179 matches before, 125 new matches after Fundamental Matrix
F keeping 128 / 188
188 matches before, 128 new matches after Fundamental Matrix
F keeping 127 / 193
193 matches before, 127 new matches after Fundamental Matrix
F keeping 119 / 186
186 matches before, 119 new matches after Fundamental Matrix
F keeping 121 / 186
186 matches before, 121 new matches after Fundamental Matrix
F keeping 118 / 189
189 matches before, 118 new matches after Fundamental Matrix
F keeping 130 / 197
197 matches before, 130 new matches after Fundamental Matrix
F keeping 120 / 187
187 matches before, 120 new matches after Fundamental Matrix
F keeping 145 / 198
198 matches before, 145 new matches after Fundamental Matrix
F keeping 135 / 194
194 matches before, 135 new matches after Fundamental Matrix
F keeping 138 / 203
203 matches before, 138 new matches after Fundamental Matrix
F keeping 131 / 204
204 matches before, 131 new matches after Fundamental Matrix
F keeping 122 / 191
191 matches before, 122 new matches after Fundamental Matrix
F keeping 134 / 197
197 matches before, 134 new matches after Fundamental Matrix
F keeping 138 / 204
204 matches before, 138 new matches after Fundamental Matrix
F keeping 131 / 196
196 matches before, 131 new matches after Fundamental Matrix
F keeping 136 / 192
192 matches before, 136 new matches after Fundamental Matrix
F keeping 134 / 198
198 matches before, 134 new matches after Fundamental Matrix
F keeping 139 / 197
197 matches before, 139 new matches after Fundamental Matrix
F keeping 134 / 202
202 matches before, 134 new matches after Fundamental Matrix
F keeping 126 / 182
182 matches before, 126 new matches after Fundamental Matrix
F keeping 158 / 207
207 matches before, 158 new matches after Fundamental Matrix
F keeping 138 / 196
196 matches before, 138 new matches after Fundamental Matrix
F keeping 135 / 204
204 matches before, 135 new matches after Fundamental Matrix
F keeping 129 / 197
197 matches before, 129 new matches after Fundamental Matrix
F keeping 143 / 201
201 matches before, 143 new matches after Fundamental Matrix
F keeping 144 / 198
198 matches before, 144 new matches after Fundamental Matrix
F keeping 123 / 182
182 matches before, 123 new matches after Fundamental Matrix
F keeping 144 / 191
191 matches before, 144 new matches after Fundamental Matrix
F keeping 125 / 183
183 matches before, 125 new matches after Fundamental Matrix
F keeping 117 / 188
188 matches before, 117 new matches after Fundamental Matrix
F keeping 142 / 196
196 matches before, 142 new matches after Fundamental Matrix
F keeping 146 / 200
200 matches before, 146 new matches after Fundamental Matrix
F keeping 133 / 195
195 matches before, 133 new matches after Fundamental Matrix
F keeping 123 / 187
187 matches before, 123 new matches after Fundamental Matrix
get second is true now
F keeping 136 / 202
202 matches before, 136 new matches after Fundamental Matrix
F keeping 136 / 202
202 matches before, 136 new matches after Fundamental Matrix
=========================== Baseline triangulation ===========================
Find camera matrices...
before fundamentalMat 202
F keeping 136 / 202
202 matches before, 136 new matches after Fundamental Matrix
after fundamentalMat 136
K
[640, 0, 320;
  0, 640, 240;
  0, 0, 1]
F
[-3.359827253393195e-007, -2.826072028437181e-005, 0.03862003576149031;
  3.005437688192471e-005, 7.638823982854547e-007, 0.02018734008492501;
  -0.03878275534826733, -0.0206590808281214, 1]
det(F)
1.21761e-021
E
[-0.1376185242989853, -11.57559102847869, 20.3071669895248;
  12.31027277083636, 0.3128862303377222, 19.19236637614683;
  -20.27342039597695, -18.8922749078604, 0.9820597756227798]
----------------------- SVD ------------------------
U:
[-0.7084077995157957, 0.2996933968720448, 0.6390166331610494;
  -0.2977401911942732, 0.6939831404372003, -0.6555441856477097;
  -0.639929033669192, -0.6546535485737597, -0.4023923001338347]
W:
[30.4310972881196; 30.1533464684956; 2.231711687921138e-013]
Vt:
[0.3090843981616018, 0.6636893568744658, -0.6811631760339355;
  0.7221070809114801, 0.3023181652885245, 0.6222259160739624;
  0.6188927197104371, -0.68419307546053, -0.3858129559531149]
----------------------------------------------------
singular value ratio: 0.990873
P
[1, 0, 0, 0;
  0, 1, 0, 0;
  0, 0, 1, 0]
Testing P1 
[0.9996595834457269, -0.02414289145766396, -0.009891310185176666, 0.6390166331610494;
  0.0237881376837783, 0.9991202849715699, -0.03453665681369433, -0.6555441856477097;
  0.01071642340771961, 0.03428960411542809, 0.9993544823129347, -0.4023923001338347]
test branch 1
Triangulating...Done. (136points, 0.0121478s, mean reproj err = 1.0407)
Triangulating...Done. (136points, 0.0119245s, mean reproj err = 1.06548)
2/136 = 1.47059% are in front of camera
P
[1, 0, 0, 0;
  0, 1, 0, 0;
  0, 0, 1, 0]
Testing P1 
[0.9996595834457269, -0.02414289145766396, -0.009891310185176666, -0.6390166331610494;
  0.0237881376837783, 0.9991202849715699, -0.03453665681369433, 0.6555441856477097;
  0.01071642340771961, 0.03428960411542809, 0.9993544823129347, 0.4023923001338347]
test branch 2
Triangulating...Done. (136points, 0.0118601s, mean reproj err = 1.0407)
Triangulating...Done. (136points, 0.0114611s, mean reproj err = 1.06548)
134/136 = 98.5294% are in front of camera
134/136 = 98.5294% are in front of camera
Done. (0.0640029s)
begin triangulation
p query index 1
[1, 0, 0, 0;
  0, 1, 0, 0;
  0, 0, 1, 0]
p train index 0
[0.9996595834457269, -0.02414289145766396, -0.009891310185176666, -0.6390166331610494;
  0.0237881376837783, 0.9991202849715699, -0.03453665681369433, 0.6555441856477097;
  0.01071642340771961, 0.03428960411542809, 0.9993544823129347, 0.4023923001338347]
getalign
triangulate points
Triangulating...Done. (136points, 0.0116664s, mean reproj err = 1.0407)
triangulation reproj error 1.0407
test triangulate
134/136 = 98.5294% are in front of camera
134/136 = 98.5294% are in front of camera
filtered out 2 high-error points
0/134 points were found in other views, adding 134 new
 after 134
create second keyframe
create init map
keyframe number: 2
second keyframe keypoints number: 302
point number: 134
134/378
134/302
start tracking is true now
F keeping 131 / 185
185 matches before, 131 new matches after Fundamental Matrix
-----------------------------------------------------------------
find 2d 3d correspondences
query frame keypoints: 390
train frame keypoints: 302
match size: 185
-----------------------------------------------------------------
found 96 3d-2d point correspondences
-------------------------------------------------------------------------
find pose estimation
3d point: 96
2d point: 96
inliers size: 26
projected point: 96
--------------------------------------------------------------------------
(26/96)
found t = [-0.7948329860092143; -0.839906704184537; -0.4381835768608724]
R = 
[0.9988028887369189, 0.04328590977244429, 0.02278419333568071;
  -0.04437974220927136, 0.99776675266993, 0.04991939250372887;
  -0.02057250427693437, -0.0508707900634002, 0.9984933323693759]
frame pose [0.9988028887369189, 0.04328590977244429, 0.02278419333568071, -0.7948329860092143;
  -0.04437974220927136, 0.99776675266993, 0.04991939250372887, -0.839906704184537;
  -0.02057250427693437, -0.0508707900634002, 0.9984933323693759, -0.4381835768608724]
next to triangulate ,inliers size: 26
match size: 185
match size: 26
begin triangulation
p query index 2
[0.9988028887369189, 0.04328590977244429, 0.02278419333568071, -0.7948329860092143;
  -0.04437974220927136, 0.99776675266993, 0.04991939250372887, -0.839906704184537;
  -0.02057250427693437, -0.0508707900634002, 0.9984933323693759, -0.4381835768608724]
p train index 1
[1, 0, 0, 0;
  0, 1, 0, 0;
  0, 0, 1, 0]
getalign
triangulate points
Triangulating...Done. (26points, 0.00236791s, mean reproj err = 40.1753)
triangulation reproj error 40.1753
test triangulate
25/26 = 96.1538% are in front of camera
25/26 = 96.1538% are in front of camera
filtered out 7 high-error points
11/19 points were found in other views, adding 8 new
before triangulation: 142 after 142
======================== Bundle Adjustment ==========================
N (cams) = 2 M (points) = 19 K (measurements) = 38
intrinsic before bundle = [ 640 0 320 
0 640 240 
0 0 1 ]
Read the 3D points.
Read the cameras.
Read 38 valid 2D measurements.
mean reprojection error (in pixels): 5.66398
K0 = [ 1 0 0.5 
0 1 0.375 
0 0 1 ]
optimizer status = 0
refined K = [ 1.0884 0 0.514964 
0 1.0884 0.294519 
0 0 1 ]
Knew = [ 696.579 0 329.577 
0 696.579 188.492 
0 0 1 ]
mean reprojection error (in pixels): 0.531317
use new K 
[696.5787795541688, 0, 329.5769466112503;
  0, 696.5787795541688, 188.4920359954315;
  0, 0, 1]
F keeping 128 / 181
181 matches before, 128 new matches after Fundamental Matrix
-----------------------------------------------------------------
find 2d 3d correspondences
query frame keypoints: 377
train frame keypoints: 302
match size: 181
-----------------------------------------------------------------
found 95 3d-2d point correspondences
-------------------------------------------------------------------------
find pose estimation
3d point: 95
2d point: 95
inliers size: 14
projected point: 95
--------------------------------------------------------------------------
(14/95)
not enough inliers to consider a good pose (14/95)
lost a frame
F keeping 122 / 179
179 matches before, 122 new matches after Fundamental Matrix
-----------------------------------------------------------------
find 2d 3d correspondences
query frame keypoints: 379
train frame keypoints: 302
match size: 179
-----------------------------------------------------------------
found 103 3d-2d point correspondences
-------------------------------------------------------------------------
find pose estimation
3d point: 103
2d point: 103
inliers size: 73
projected point: 103
--------------------------------------------------------------------------
(73/103)
found t = [-0.1960203464169812; 0.05132006576777978; 1.229846120351173]
R = 
[0.9992683724186789, -0.01177758386944879, -0.03638692624999489;
  0.01464313534125803, 0.9967259095221468, 0.07951754444540468;
  0.03533126761244306, -0.07999218590242055, 0.9961691381103164]
frame pose [0.9992683724186789, -0.01177758386944879, -0.03638692624999489, -0.1960203464169812;
  0.01464313534125803, 0.9967259095221468, 0.07951754444540468, 0.05132006576777978;
  0.03533126761244306, -0.07999218590242055, 0.9961691381103164, 1.229846120351173]
next to triangulate ,inliers size: 73
match size: 179
match size: 73
begin triangulation
p query index 3
[0.9992683724186789, -0.01177758386944879, -0.03638692624999489, -0.1960203464169812;
  0.01464313534125803, 0.9967259095221468, 0.07951754444540468, 0.05132006576777978;
  0.03533126761244306, -0.07999218590242055, 0.9961691381103164, 1.229846120351173]
p train index 1
[0.9991593872624432, 0.02990748487615274, 0.0280367828704026, -0.4999110882776657;
  -0.03045331106171556, 0.9993508519340414, 0.01924761242554231, 1.143020402719083;
  -0.02744293516950769, -0.02008524550729211, 0.9994215668186243, -0.7273764905367361]
getalign
triangulate points
Triangulating...Done. (73points, 0.00638948s, mean reproj err = 415.322)
triangulation reproj error 415.322
test triangulate
71/73 = 97.2603% are in front of camera
69/73 = 94.5205% are in front of camera
filtered out 17 high-error points
38/56 points were found in other views, adding 18 new
before triangulation: 160 after 160
======================== Bundle Adjustment ==========================
N (cams) = 2 M (points) = 56 K (measurements) = 112
intrinsic before bundle = [ 696.579 0 329.577 
0 696.579 188.492 
0 0 1 ]
Read the 3D points.
Read the cameras.
Read 112 valid 2D measurements.
mean reprojection error (in pixels): 11.2623
K0 = [ 1 0 0.473137 
0 1 0.270597 
0 0 1 ]
optimizer status = 0
refined K = [ 0.865136 0 0.755862 
0 0.865136 0.196588 
0 0 1 ]
Knew = [ 602.635 0 526.518 
0 602.635 136.939 
0 0 1 ]
mean reprojection error (in pixels): 1.17585
use new K 
[602.6352783317053, 0, 526.5177304276315;
  0, 602.6352783317053, 136.9390014843181;
  0, 0, 1]
F keeping 133 / 185
185 matches before, 133 new matches after Fundamental Matrix
-----------------------------------------------------------------
find 2d 3d correspondences
query frame keypoints: 372
train frame keypoints: 302
match size: 185
-----------------------------------------------------------------
found 118 3d-2d point correspondences
-------------------------------------------------------------------------
find pose estimation
3d point: 118
2d point: 118
inliers size: 34
projected point: 118
--------------------------------------------------------------------------
(34/118)
found t = [-0.5465586794873811; 1.81009819086919; -6.939765200123503]
R = 
[0.9906499754334347, 0.02820504952450066, -0.1334807152927184;
  -0.01817487498249418, 0.996959375293345, 0.07577386049340551;
  0.1352120560198164, -0.07263937772326962, 0.9881504038914675]
frame pose [0.9906499754334347, 0.02820504952450066, -0.1334807152927184, -0.5465586794873811;
  -0.01817487498249418, 0.996959375293345, 0.07577386049340551, 1.81009819086919;
  0.1352120560198164, -0.07263937772326962, 0.9881504038914675, -6.939765200123503]
next to triangulate ,inliers size: 34
match size: 185
match size: 34
begin triangulation
p query index 4
[0.9906499754334347, 0.02820504952450066, -0.1334807152927184, -0.5465586794873811;
  -0.01817487498249418, 0.996959375293345, 0.07577386049340551, 1.81009819086919;
  0.1352120560198164, -0.07263937772326962, 0.9881504038914675, -6.939765200123503]
p train index 1
[0.9946505348215217, 0.03100988642868109, -0.0985327383306816, -0.6950383333062895;
  -0.02655557278802279, 0.9985791253463131, 0.04620099540585571, 2.268396100155954;
  0.09982542328065691, -0.04333725148497745, 0.994060746383522, -7.154197547186493]
getalign
triangulate points
Triangulating...Done. (34points, 0.00321815s, mean reproj err = 9.69127)
triangulation reproj error 9.69127
test triangulate
33/34 = 97.0588% are in front of camera
33/34 = 97.0588% are in front of camera
filtered out 5 high-error points
22/29 points were found in other views, adding 7 new
before triangulation: 167 after 167
======================== Bundle Adjustment ==========================
N (cams) = 2 M (points) = 29 K (measurements) = 58
intrinsic before bundle = [ 602.635 0 526.518 
0 602.635 136.939 
0 0 1 ]
Read the 3D points.
Read the cameras.
Read 58 valid 2D measurements.
mean reprojection error (in pixels): 49.2255
K0 = [ 1 0 0.873692 
0 1 0.227234 
0 0 1 ]
optimizer status = 0
refined K = [ 1.20307 0 0.624672 
0 1.20307 0.28601 
0 0 1 ]
Knew = [ 725.01 0 376.45 
0 725.01 172.36 
0 0 1 ]
mean reprojection error (in pixels): 1.86626
use new K 
[725.0100482870704, 0, 376.4496205846467;
  0, 725.0100482870704, 172.3596386134601;
  0, 0, 1]
F keeping 127 / 187
187 matches before, 127 new matches after Fundamental Matrix
-----------------------------------------------------------------
find 2d 3d correspondences
query frame keypoints: 372
train frame keypoints: 302
match size: 187
-----------------------------------------------------------------
found 122 3d-2d point correspondences
-------------------------------------------------------------------------
find pose estimation
3d point: 122
2d point: 122
inliers size: 19
projected point: 122
--------------------------------------------------------------------------
(19/122)
not enough inliers to consider a good pose (19/122)
lost a frame
F keeping 130 / 194
194 matches before, 130 new matches after Fundamental Matrix
-----------------------------------------------------------------
find 2d 3d correspondences
query frame keypoints: 389
train frame keypoints: 302
match size: 194
-----------------------------------------------------------------
found 117 3d-2d point correspondences
-------------------------------------------------------------------------
find pose estimation
3d point: 117
2d point: 117
inliers size: 24
projected point: 117
--------------------------------------------------------------------------
(24/117)
found t = [1.968844153721133; 3.501277069403756; 4.43424915982308]
R = 
[0.9263374038414562, -0.213790982486861, -0.3101490448986962;
  0.198470491809547, 0.9767922598178676, -0.08053784849857945;
  0.3201694522048399, 0.01304978801384507, 0.9472704074907261]
frame pose [0.9263374038414562, -0.213790982486861, -0.3101490448986962, 1.968844153721133;
  0.198470491809547, 0.9767922598178676, -0.08053784849857945, 3.501277069403756;
  0.3201694522048399, 0.01304978801384507, 0.9472704074907261, 4.43424915982308]
next to triangulate ,inliers size: 24
match size: 194
match size: 24
begin triangulation
p query index 5
[0.9263374038414562, -0.213790982486861, -0.3101490448986962, 1.968844153721133;
  0.198470491809547, 0.9767922598178676, -0.08053784849857945, 3.501277069403756;
  0.3201694522048399, 0.01304978801384507, 0.9472704074907261, 4.43424915982308]
p train index 1
[0.9988880686709941, 0.02634306892394379, -0.03909819671545365, 0.8550555537405081;
  -0.02444604093800838, 0.9985370997654635, 0.0482291558544458, 1.701397367781228;
  0.04031150393112605, -0.04721973222757153, 0.9980707788224075, -5.562959587973885]
getalign
triangulate points
Triangulating...Done. (24points, 0.00207573s, mean reproj err = 143.926)
triangulation reproj error 143.926
test triangulate
24/24 = 100% are in front of camera
19/24 = 79.1667% are in front of camera
filtered out 23 high-error points
0/1 points were found in other views, adding 1 new
before triangulation: 168 after 168
======================== Bundle Adjustment ==========================
N (cams) = 2 M (points) = 1 K (measurements) = 2
intrinsic before bundle = [ 725.01 0 376.45 
0 725.01 172.36 
0 0 1 ]
Read the 3D points.
Read the cameras.
Read 2 valid 2D measurements.
mean reprojection error (in pixels): 7.155
K0 = [ 1 0 0.519234 
0 1 0.237734 
0 0 1 ]
optimizer status = 2
refined K = [ 0.999927 0 0.518906 
0 0.999927 0.240323 
0 0 1 ]
Knew = [ 724.957 0 376.212 
0 724.957 174.237 
0 0 1 ]
mean reprojection error (in pixels): 1.60942e-006
use new K 
[725.0100482870704, 0, 376.4496205846467;
  0, 725.0100482870704, 172.3596386134601;
  0, 0, 1]
F keeping 125 / 193
193 matches before, 125 new matches after Fundamental Matrix
-----------------------------------------------------------------
find 2d 3d correspondences
query frame keypoints: 397
train frame keypoints: 302
match size: 193
-----------------------------------------------------------------
found 125 3d-2d point correspondences
-------------------------------------------------------------------------
find pose estimation
3d point: 125
2d point: 125
inliers size: 20
projected point: 125
--------------------------------------------------------------------------
(20/125)
not enough inliers to consider a good pose (20/125)
lost a frame
F keeping 135 / 194
194 matches before, 135 new matches after Fundamental Matrix
-----------------------------------------------------------------
find 2d 3d correspondences
query frame keypoints: 431
train frame keypoints: 302
match size: 194
-----------------------------------------------------------------
found 126 3d-2d point correspondences
-------------------------------------------------------------------------
find pose estimation
3d point: 126
2d point: 126
inliers size: 25
projected point: 126
--------------------------------------------------------------------------
(25/126)
not enough inliers to consider a good pose (25/126)
lost a frame
F keeping 124 / 191
191 matches before, 124 new matches after Fundamental Matrix
-----------------------------------------------------------------
find 2d 3d correspondences
query frame keypoints: 412
train frame keypoints: 302
match size: 191
-----------------------------------------------------------------
found 116 3d-2d point correspondences
-------------------------------------------------------------------------
find pose estimation
3d point: 116
2d point: 116
inliers size: 18
projected point: 116
--------------------------------------------------------------------------
(18/116)
not enough inliers to consider a good pose (18/116)
lost a frame
F keeping 130 / 192
192 matches before, 130 new matches after Fundamental Matrix
-----------------------------------------------------------------
find 2d 3d correspondences
query frame keypoints: 436
train frame keypoints: 302
match size: 192
-----------------------------------------------------------------
found 126 3d-2d point correspondences
-------------------------------------------------------------------------
find pose estimation
3d point: 126
2d point: 126
inliers size: 18
projected point: 126
--------------------------------------------------------------------------
(18/126)
not enough inliers to consider a good pose (18/126)
lost a frame
F keeping 121 / 182
182 matches before, 121 new matches after Fundamental Matrix
-----------------------------------------------------------------
find 2d 3d correspondences
query frame keypoints: 422
train frame keypoints: 302
match size: 182
-----------------------------------------------------------------
found 119 3d-2d point correspondences
-------------------------------------------------------------------------
find pose estimation
3d point: 119
2d point: 119
inliers size: 51
projected point: 119
--------------------------------------------------------------------------
(51/119)
found t = [-0.4378205925598415; 1.162871470048415; 2.061339390019793]
R = 
[0.9936824958555484, -0.02919088078819051, -0.1083650769809989;
  0.0327121080483574, 0.9989882902859821, 0.03085958292853112;
  0.1073546245735169, -0.03420947749235508, 0.9936320728682118]
frame pose [0.9936824958555484, -0.02919088078819051, -0.1083650769809989, -0.4378205925598415;
  0.0327121080483574, 0.9989882902859821, 0.03085958292853112, 1.162871470048415;
  0.1073546245735169, -0.03420947749235508, 0.9936320728682118, 2.061339390019793]
next to triangulate ,inliers size: 51
match size: 182
match size: 51
begin triangulation
p query index 6
[0.9936824958555484, -0.02919088078819051, -0.1083650769809989, -0.4378205925598415;
  0.0327121080483574, 0.9989882902859821, 0.03085958292853112, 1.162871470048415;
  0.1073546245735169, -0.03420947749235508, 0.9936320728682118, 2.061339390019793]
p train index 1
[0.9988880686709941, 0.02634306892394379, -0.03909819671545365, 0.8550555537405081;
  -0.02444604093800838, 0.9985370997654635, 0.0482291558544458, 1.701397367781228;
  0.04031150393112605, -0.04721973222757153, 0.9980707788224075, -5.562959587973885]
getalign
triangulate points
Triangulating...Done. (51points, 0.00442536s, mean reproj err = 38.3244)
triangulation reproj error 38.3244
test triangulate
20/51 = 39.2157% are in front of camera
Triangulation did not succeed
F keeping 124 / 193
193 matches before, 124 new matches after Fundamental Matrix
-----------------------------------------------------------------
find 2d 3d correspondences
query frame keypoints: 448
train frame keypoints: 302
match size: 193
-----------------------------------------------------------------
found 122 3d-2d point correspondences
-------------------------------------------------------------------------
find pose estimation
3d point: 122
2d point: 122
inliers size: 17
projected point: 122
--------------------------------------------------------------------------
(17/122)
not enough inliers to consider a good pose (17/122)
lost a frame
F keeping 126 / 189
189 matches before, 126 new matches after Fundamental Matrix
-----------------------------------------------------------------
find 2d 3d correspondences
query frame keypoints: 436
train frame keypoints: 302
match size: 189
-----------------------------------------------------------------
found 119 3d-2d point correspondences
-------------------------------------------------------------------------
find pose estimation
3d point: 119
2d point: 119
inliers size: 29
projected point: 119
--------------------------------------------------------------------------
(29/119)
found t = [-1.516933779406939; 0.4877422219356844; 1.773737848579108]
R = 
[0.9746302273541213, 0.2074304182225826, -0.08407461878390056;
  -0.2067418421558713, 0.9782493612760027, 0.01691147140522144;
  0.08575389571121846, 0.0008993103453725226, 0.996315944171954]
frame pose [0.9746302273541213, 0.2074304182225826, -0.08407461878390056, -1.516933779406939;
  -0.2067418421558713, 0.9782493612760027, 0.01691147140522144, 0.4877422219356844;
  0.08575389571121846, 0.0008993103453725226, 0.996315944171954, 1.773737848579108]
next to triangulate ,inliers size: 29
match size: 189
match size: 29
begin triangulation
p query index 7
[0.9746302273541213, 0.2074304182225826, -0.08407461878390056, -1.516933779406939;
  -0.2067418421558713, 0.9782493612760027, 0.01691147140522144, 0.4877422219356844;
  0.08575389571121846, 0.0008993103453725226, 0.996315944171954, 1.773737848579108]
p train index 1
[0.9988880686709941, 0.02634306892394379, -0.03909819671545365, 0.8550555537405081;
  -0.02444604093800838, 0.9985370997654635, 0.0482291558544458, 1.701397367781228;
  0.04031150393112605, -0.04721973222757153, 0.9980707788224075, -5.562959587973885]
getalign
triangulate points
Triangulating...Done. (29points, 0.00256965s, mean reproj err = 32.4007)
triangulation reproj error 32.4007
test triangulate
13/29 = 44.8276% are in front of camera
Triangulation did not succeed
F keeping 127 / 188
188 matches before, 127 new matches after Fundamental Matrix
-----------------------------------------------------------------
find 2d 3d correspondences
query frame keypoints: 451
train frame keypoints: 302
match size: 188
-----------------------------------------------------------------
found 118 3d-2d point correspondences
-------------------------------------------------------------------------
find pose estimation
3d point: 118
2d point: 118
inliers size: 13
projected point: 118
--------------------------------------------------------------------------
(13/118)
not enough inliers to consider a good pose (13/118)
lost a frame
F keeping 132 / 191
191 matches before, 132 new matches after Fundamental Matrix
-----------------------------------------------------------------
find 2d 3d correspondences
query frame keypoints: 415
train frame keypoints: 302
match size: 191
-----------------------------------------------------------------
found 122 3d-2d point correspondences
-------------------------------------------------------------------------
find pose estimation
3d point: 122
2d point: 122
inliers size: 21
projected point: 122
--------------------------------------------------------------------------
(21/122)
not enough inliers to consider a good pose (21/122)
lost a frame
F keeping 119 / 183
183 matches before, 119 new matches after Fundamental Matrix
-----------------------------------------------------------------
find 2d 3d correspondences
query frame keypoints: 461
train frame keypoints: 302
match size: 183
-----------------------------------------------------------------
found 116 3d-2d point correspondences
-------------------------------------------------------------------------
find pose estimation
3d point: 116
2d point: 116
inliers size: 11
projected point: 116
--------------------------------------------------------------------------
(11/116)
not enough inliers to consider a good pose (11/116)
lost a frame
F keeping 124 / 188
188 matches before, 124 new matches after Fundamental Matrix
-----------------------------------------------------------------
find 2d 3d correspondences
query frame keypoints: 485
train frame keypoints: 302
match size: 188
-----------------------------------------------------------------
found 123 3d-2d point correspondences
-------------------------------------------------------------------------
find pose estimation
3d point: 123
2d point: 123
inliers size: 12
projected point: 123
--------------------------------------------------------------------------
(12/123)
not enough inliers to consider a good pose (12/123)
lost a frame
F keeping 134 / 193
193 matches before, 134 new matches after Fundamental Matrix
-----------------------------------------------------------------
find 2d 3d correspondences
query frame keypoints: 487
train frame keypoints: 302
match size: 193
-----------------------------------------------------------------
found 129 3d-2d point correspondences
-------------------------------------------------------------------------
find pose estimation
3d point: 129
2d point: 129
inliers size: 59
projected point: 129
--------------------------------------------------------------------------
(59/129)
found t = [-1.319402382051804; 0.6438643435121001; 2.778955877474886]
R = 
[0.9965775471867185, -0.00335221813910293, -0.08259512744013252;
  0.009707486219446438, 0.9970097309040251, 0.0766639497676891;
  0.08209115150004366, -0.0772033620785479, 0.9936300537570135]
frame pose [0.9965775471867185, -0.00335221813910293, -0.08259512744013252, -1.319402382051804;
  0.009707486219446438, 0.9970097309040251, 0.0766639497676891, 0.6438643435121001;
  0.08209115150004366, -0.0772033620785479, 0.9936300537570135, 2.778955877474886]
next to triangulate ,inliers size: 59
match size: 193
match size: 59
begin triangulation
p query index 8
[0.9965775471867185, -0.00335221813910293, -0.08259512744013252, -1.319402382051804;
  0.009707486219446438, 0.9970097309040251, 0.0766639497676891, 0.6438643435121001;
  0.08209115150004366, -0.0772033620785479, 0.9936300537570135, 2.778955877474886]
p train index 1
[0.9988880686709941, 0.02634306892394379, -0.03909819671545365, 0.8550555537405081;
  -0.02444604093800838, 0.9985370997654635, 0.0482291558544458, 1.701397367781228;
  0.04031150393112605, -0.04721973222757153, 0.9980707788224075, -5.562959587973885]
getalign
triangulate points
Triangulating...Done. (59points, 0.00524353s, mean reproj err = 104.819)
triangulation reproj error 104.819
test triangulate
49/59 = 83.0508% are in front of camera
46/59 = 77.9661% are in front of camera
filtered out 30 high-error points
17/29 points were found in other views, adding 12 new
before triangulation: 180 after 180
======================== Bundle Adjustment ==========================
N (cams) = 2 M (points) = 29 K (measurements) = 58
intrinsic before bundle = [ 725.01 0 376.45 
0 725.01 172.36 
0 0 1 ]
Read the 3D points.
Read the cameras.
Read 58 valid 2D measurements.
mean reprojection error (in pixels): 50.3266
K0 = [ 1 0 0.519234 
0 1 0.237734 
0 0 1 ]
optimizer status = 0
refined K = [ 1.01238 0 0.490095 
0 1.01238 0.227114 
0 0 1 ]
Knew = [ 733.989 0 355.324 
0 733.989 164.66 
0 0 1 ]
mean reprojection error (in pixels): 1.23203
use new K 
[733.9886451721832, 0, 355.3239486341915;
  0, 733.9886451721832, 164.6600272038843;
  0, 0, 1]
F keeping 117 / 189
189 matches before, 117 new matches after Fundamental Matrix
-----------------------------------------------------------------
find 2d 3d correspondences
query frame keypoints: 462
train frame keypoints: 302
match size: 189
-----------------------------------------------------------------
found 120 3d-2d point correspondences
-------------------------------------------------------------------------
find pose estimation
3d point: 120
2d point: 120
inliers size: 12
projected point: 120
--------------------------------------------------------------------------
(12/120)
not enough inliers to consider a good pose (12/120)
lost a frame
F keeping 122 / 186
186 matches before, 122 new matches after Fundamental Matrix
-----------------------------------------------------------------
find 2d 3d correspondences
query frame keypoints: 454
train frame keypoints: 302
match size: 186
-----------------------------------------------------------------
found 118 3d-2d point correspondences
-------------------------------------------------------------------------
find pose estimation
3d point: 118
2d point: 118
inliers size: 37
projected point: 118
--------------------------------------------------------------------------
(37/118)
found t = [-4.338254276643603; 1.183296120508377; 4.714566514504458]
R = 
[0.9936159764680556, 0.004502386787862365, 0.1127254178109136;
  -0.01480748927302542, 0.9957637658878463, 0.09074833776044351;
  -0.1118393024337231, -0.0918381786517284, 0.989473455618225]
frame pose [0.9936159764680556, 0.004502386787862365, 0.1127254178109136, -4.338254276643603;
  -0.01480748927302542, 0.9957637658878463, 0.09074833776044351, 1.183296120508377;
  -0.1118393024337231, -0.0918381786517284, 0.989473455618225, 4.714566514504458]
next to triangulate ,inliers size: 37
match size: 186
match size: 37
begin triangulation
p query index 9
[0.9936159764680556, 0.004502386787862365, 0.1127254178109136, -4.338254276643603;
  -0.01480748927302542, 0.9957637658878463, 0.09074833776044351, 1.183296120508377;
  -0.1118393024337231, -0.0918381786517284, 0.989473455618225, 4.714566514504458]
p train index 1
[0.9992575367876009, 0.02401745581369288, -0.0301253545939946, 1.840162534375463;
  -0.02206672730221693, 0.997738205894481, 0.06349434655645109, 0.421138890729433;
  0.03158218990738636, -0.06278243635522927, 0.9975274086289334, -4.834690585675658]
getalign
triangulate points
Triangulating...Done. (37points, 0.00320276s, mean reproj err = 41.6597)
triangulation reproj error 41.6597
test triangulate
37/37 = 100% are in front of camera
37/37 = 100% are in front of camera
filtered out 17 high-error points
15/20 points were found in other views, adding 5 new
before triangulation: 185 after 185
======================== Bundle Adjustment ==========================
N (cams) = 2 M (points) = 20 K (measurements) = 40
intrinsic before bundle = [ 733.989 0 355.324 
0 733.989 164.66 
0 0 1 ]
Read the 3D points.
Read the cameras.
Read 40 valid 2D measurements.
mean reprojection error (in pixels): 28.2455
K0 = [ 1 0 0.4841 
0 1 0.224336 
0 0 1 ]
optimizer status = 0
refined K = [ 0.553601 0 0.43865 
0 0.553601 0.196151 
0 0 1 ]
Knew = [ 406.337 0 321.964 
0 406.337 143.973 
0 0 1 ]
mean reprojection error (in pixels): 2.13626
use new K 
[406.3371164947304, 0, 321.9644284053483;
  0, 406.3371164947304, 143.9729330878187;
  0, 0, 1]
F keeping 122 / 197
197 matches before, 122 new matches after Fundamental Matrix
-----------------------------------------------------------------
find 2d 3d correspondences
query frame keypoints: 507
train frame keypoints: 302
match size: 197
-----------------------------------------------------------------
found 133 3d-2d point correspondences
-------------------------------------------------------------------------
find pose estimation
3d point: 133
2d point: 133
inliers size: 15
projected point: 133
--------------------------------------------------------------------------
(15/133)
not enough inliers to consider a good pose (15/133)
lost a frame
F keeping 128 / 193
193 matches before, 128 new matches after Fundamental Matrix
-----------------------------------------------------------------
find 2d 3d correspondences
query frame keypoints: 464
train frame keypoints: 302
match size: 193
-----------------------------------------------------------------
found 135 3d-2d point correspondences
-------------------------------------------------------------------------
find pose estimation
3d point: 135
2d point: 135
inliers size: 16
projected point: 135
--------------------------------------------------------------------------
(16/135)
not enough inliers to consider a good pose (16/135)
lost a frame
F keeping 124 / 180
180 matches before, 124 new matches after Fundamental Matrix
-----------------------------------------------------------------
find 2d 3d correspondences
query frame keypoints: 447
train frame keypoints: 302
match size: 180
-----------------------------------------------------------------
found 124 3d-2d point correspondences
