hello world
F keeping 6128 / 21559
21559 matches before, 6128 new matches after Fundamental Matrix
=========================== Baseline triangulation ===========================
Find camera matrices...
before fundamentalMat 6128
F keeping 5560 / 6128
6128 matches before, 5560 new matches after Fundamental Matrix
after fundamentalMat 5560
----------------------- SVD ------------------------
U:
[-0.06744558013447743, 0.4190808121091302, -0.9054404268875317;
  0.9875602309315736, 0.1572392263442729, -0.0007848445905955855;
  -0.1420418389162174, 0.8942298913705616, 0.42447263442617]
W:
[13.60576323788914; 11.42632117802803; 7.355531760200531e-010]
Vt:
[0.6450903756238857, 0.1717700647335652, 0.74454916032379;
  0.09585249455680074, -0.9848994353294538, 0.1441714312024445;
  0.7580703836482945, -0.02163670837141153, -0.6518137358833257]
----------------------------------------------------
det(R) == -1 [-1]: flip E's sign
----------------------- SVD ------------------------
U:
[0.06744558013447743, -0.4190808121091302, 0.9054404268875317;
  -0.9875602309315736, -0.1572392263442729, 0.0007848445905955855;
  0.1420418389162174, -0.8942298913705616, -0.42447263442617]
W:
[13.60576323788914; 11.42632117802803; 7.355531760200531e-010]
Vt:
[0.6450903756238857, 0.1717700647335652, 0.74454916032379;
  0.09585249455680074, -0.9848994353294538, 0.1441714312024445;
  0.7580703836482945, -0.02163670837141153, -0.6518137358833257]
----------------------------------------------------
P
[1, 0, 0, 0;
  0, 1, 0, 0;
  0, 0, 1, 0]
Testing P1 
[0.4095777461783445, -0.02514917489891801, -0.9119284998492869, 0.9054404268875317;
  -0.006178432485457542, -0.9996734873396669, 0.02479406546274688, 0.0007848445905955855;
  -0.9122542939375458, -0.004520808782946813, -0.4095993963380047, -0.42447263442617]
test branch 1
Triangulating...Done. (5560points, 0.475167s, mean reproj err = 17.6928)
Triangulating...Done. (5560points, 0.472327s, mean reproj err = 14.6016)
0/5560 = 0% are in front of camera
P
[1, 0, 0, 0;
  0, 1, 0, 0;
  0, 0, 1, 0]
Testing P1 
[0.4095777461783445, -0.02514917489891801, -0.9119284998492869, -0.9054404268875317;
  -0.006178432485457542, -0.9996734873396669, 0.02479406546274688, -0.0007848445905955855;
  -0.9122542939375458, -0.004520808782946813, -0.4095993963380047, 0.42447263442617]
test branch 2
Triangulating...Done. (5560points, 0.450809s, mean reproj err = 17.6928)
Triangulating...Done. (5560points, 0.449507s, mean reproj err = 14.6016)
5560/5560 = 100% are in front of camera
0/5560 = 0% are in front of camera
P
[1, 0, 0, 0;
  0, 1, 0, 0;
  0, 0, 1, 0]
Testing P1 
[0.9631973973842689, -0.01403232602958576, -0.2684285146894236, 0.9054404268875317;
  0.00736836736525171, 0.9996395244326197, -0.02581721043211473, 0.0007848445905955855;
  0.2686940282822479, 0.02288918998839445, 0.9629535835891228, -0.42447263442617]
test branch 3
Triangulating...Done. (5560points, 0.451647s, mean reproj err = 17.9233)
Triangulating...Done. (5560points, 0.45092s, mean reproj err = 14.7414)
5553/5560 = 99.8741% are in front of camera
5553/5560 = 99.8741% are in front of camera
Done. (2.92554s)
begin triangulation
p query index 1
[1, 0, 0, 0;
  0, 1, 0, 0;
  0, 0, 1, 0]
p train index 0
[0.9631973973842689, -0.01403232602958576, -0.2684285146894236, 0.9054404268875317;
  0.00736836736525171, 0.9996395244326197, -0.02581721043211473, 0.0007848445905955855;
  0.2686940282822479, 0.02288918998839445, 0.9629535835891228, -0.42447263442617]
getalign
triangulate points
Triangulating...Done. (5560points, 0.475732s, mean reproj err = 17.9233)
triangulation reproj error 17.9233
test triangulate
5553/5560 = 99.8741% are in front of camera
5553/5560 = 99.8741% are in front of camera
filtered out 2928 high-error points
489/2632 points were found in other views, adding 2143 new
 after 2143
after init map size: 2143
F keeping 11938 / 22600
22600 matches before, 11938 new matches after Fundamental Matrix
-----------------------------------------------------------------
find 2d 3d correspondences
query frame keypoints: 22600
train frame keypoints: 21559
match size: 11938-----------------------------------------------------------------
found 2573 3d-2d point correspondences
-------------------------------------------------------------------------
find pose estimation
3d point: 2573
2d point: 2573
inliers size: 2096
1  2  3  9  11  15  16  30  32  33  34  35  41  42  44  45  46  47  48  49  50  52  57  58  63  68  69  70  71  72  73  77  79  80  81  82  85  88  89  92  93  94  96  97  98  99  101  102  103  105  106  107  108  109  110  112  114  115  116  117  118  119  120  121  122  123  124  127  128  129  130  132  133  134  135  136  137  138  141  142  143  145  146  147  150  151  154  155  156  157  158  159  160  161  163  167  168  169  170  173  174  175  176  177  178  181  182  183  184  185  187  188  189  195  196  197  198  199  200  202  203  204  205  206  208  209  210  211  212  213  214  215  216  217  218  219  220  221  222  225  227  228  229  230  231  232  233  238  240  241  242  243  245  246  247  249  252  255  257  258  259  260  261  262  263  264  265  268  269  270  271  272  273  275  276  277  278  279  280  281  282  283  284  285  286  287  288  289  290  293  294  295  296  297  298  299  300  306  307  308  309  310  311  312  313  318  319  320  321  322  323  324  325  326  327  328  329  330  331  332  337  338  340  341  342  343  344  345  346  350  353  355  356  357  358  359  360  361  362  363  368  369  370  372  373  374  375  376  377  378  382  383  384  385  386  387  388  392  394  395  396  397  398  399  400  401  402  403  404  405  406  407  408  409  414  415  416  417  418  419  420  421  422  423  425  429  430  431  432  433  434  435  436  437  438  439  441  443  444  445  446  447  448  449  450  451  452  453  457  458  460  461  462  463  464  465  466  467  468  469  470  471  472  474  477  478  479  480  481  482  483  484  488  489  490  491  492  493  494  495  496  497  498  499  500  501  505  506  508  509  510  511  512  517  518  519  521  522  523  524  525  526  527  528  531  532  533  534  535  541  543  544  545  546  547  548  549  556  557  558  560  561  562  563  564  565  570  571  572  573  574  575  576  578  580  582  588  590  592  593  594  595  596  598  599  602  603  604  605  606  607  608  609  610  612  613  614  616  617  621  622  623  624  625  626  630  631  633  635  636  637  638  639  640  641  642  643  644  645  647  648  650  651  652  653  654  655  656  662  663  664  665  666  667  668  669  671  672  673  674  675  676  677  678  679  680  681  682  683  685  686  687  688  689  690  693  694  695  696  697  698  699  700  701  702  703  704  705  706  707  708  709  710  711  712  713  714  715  719  720  721  722  723  725  726  727  728  729  730  731  732  733  734  735  736  737  738  739  740  741  742  743  744  745  747  748  749  750  751  752  754  755  756  757  758  759  760  761  762  763  764  765  769  770  771  772  773  774  775  776  778  779  780  781  782  783  784  785  786  787  788  789  790  791  792  793  794  795  796  797  798  799  801  802  803  804  805  806  807  809  810  811  812  813  814  815  816  817  818  819  820  821  822  823  824  825  827  828  829  830  831  832  833  834  835  836  837  838  839  840  842  843  844  845  846  847  848  849  850  851  852  853  854  855  856  857  858  859  860  861  862  863  864  865  866  867  869  870  871  872  873  874  875  876  877  878  879  880  881  882  883  884  886  887  888  889  890  891  892  893  894  895  896  897  898  899  900  901  902  903  904  905  906  907  908  909  910  911  912  913  914  915  916  917  918  919  920  921  922  923  924  925  926  927  928  929  932  933  934  935  936  937  938  939  940  941  942  943  944  945  946  947  948  949  951  952  953  954  955  956  957  958  959  960  961  962  963  964  965  966  967  968  969  970  971  972  973  974  975  976  977  978  979  980  981  982  983  984  985  986  987  988  989  990  991  992  993  994  995  996  997  998  999  1000  1001  1002  1003  1004  1005  1006  1007  1008  1009  1010  1011  1012  1013  1014  1015  1016  1017  1018  1019  1020  1021  1022  1023  1024  1025  1026  1027  1028  1029  1030  1031  1032  1033  1034  1035  1036  1037  1038  1039  1040  1041  1042  1043  1044  1045  1046  1047  1048  1049  1050  1051  1052  1053  1054  1055  1056  1057  1058  1059  1060  1061  1062  1063  1064  1065  1066  1067  1068  1069  1070  1071  1072  1073  1074  1075  1076  1077  1078  1079  1080  1081  1082  1083  1084  1085  1086  1087  1088  1089  1090  1091  1092  1093  1094  1095  1096  1097  1098  1099  1100  1101  1102  1103  1104  1105  1106  1107  1108  1109  1110  1111  1112  1113  1114  1115  1116  1117  1119  1120  1121  1122  1123  1124  1125  1126  1127  1128  1129  1130  1131  1132  1133  1134  1135  1136  1137  1138  1139  1140  1141  1142  1143  1144  1145  1146  1147  1148  1149  1150  1151  1152  1154  1155  1156  1157  1158  1159  1160  1161  1162  1163  1164  1165  1166  1167  1168  1169  1170  1171  1172  1173  1174  1175  1176  1177  1178  1179  1180  1181  1182  1183  1184  1185  1186  1187  1188  1189  1190  1191  1192  1193  1194  1195  1196  1197  1198  1199  1200  1201  1202  1203  1204  1205  1206  1207  1208  1209  1210  1211  1212  1213  1214  1215  1216  1217  1218  1219  1220  1221  1222  1223  1224  1225  1226  1227  1228  1229  1230  1231  1232  1233  1234  1235  1237  1238  1239  1240  1241  1242  1243  1244  1245  1246  1247  1248  1249  1250  1251  1253  1254  1255  1256  1257  1258  1259  1260  1261  1262  1263  1264  1265  1266  1267  1268  1269  1270  1271  1272  1273  1274  1275  1276  1277  1278  1279  1280  1281  1282  1283  1285  1286  1287  1288  1289  1290  1292  1293  1294  1295  1296  1297  1298  1299  1300  1301  1302  1303  1304  1305  1306  1307  1308  1309  1310  1311  1312  1313  1314  1315  1316  1317  1318  1319  1320  1321  1322  1323  1324  1325  1326  1327  1328  1330  1331  1332  1333  1334  1335  1336  1338  1339  1340  1341  1344  1345  1346  1347  1349  1350  1351  1352  1353  1354  1355  1356  1357  1358  1359  1360  1361  1362  1363  1364  1366  1367  1368  1369  1370  1371  1372  1373  1374  1375  1376  1377  1378  1379  1380  1381  1382  1383  1384  1385  1386  1387  1388  1389  1390  1391  1392  1393  1394  1395  1396  1397  1398  1399  1400  1401  1402  1403  1404  1405  1406  1407  1408  1409  1410  1411  1412  1413  1414  1415  1416  1417  1418  1419  1420  1421  1422  1423  1424  1425  1426  1427  1428  1429  1430  1431  1432  1433  1434  1435  1436  1437  1438  1439  1440  1441  1442  1444  1445  1446  1447  1448  1449  1450  1451  1452  1453  1454  1455  1457  1458  1459  1460  1461  1462  1463  1464  1465  1466  1467  1468  1469  1470  1471  1472  1473  1474  1475  1477  1478  1479  1480  1481  1482  1483  1485  1486  1487  1488  1489  1490  1491  1492  1493  1494  1495  1497  1498  1499  1500  1501  1502  1503  1504  1505  1508  1509  1511  1512  1513  1514  1515  1516  1517  1518  1519  1520  1521  1522  1523  1524  1525  1526  1527  1528  1529  1530  1532  1533  1534  1535  1537  1538  1539  1540  1542  1543  1544  1545  1546  1547  1548  1549  1550  1551  1552  1553  1554  1555  1556  1557  1558  1559  1561  1562  1563  1564  1565  1566  1567  1568  1570  1571  1572  1573  1574  1575  1576  1577  1578  1579  1580  1581  1582  1583  1584  1585  1586  1587  1588  1589  1590  1592  1593  1594  1595  1596  1597  1598  1599  1600  1601  1602  1603  1604  1605  1606  1607  1608  1609  1610  1611  1612  1616  1617  1618  1619  1620  1622  1624  1625  1626  1627  1628  1629  1630  1631  1632  1633  1634  1637  1638  1639  1640  1641  1642  1643  1644  1645  1646  1647  1648  1649  1650  1651  1652  1653  1654  1655  1656  1657  1658  1659  1661  1662  1664  1665  1666  1667  1668  1669  1671  1672  1673  1674  1675  1676  1677  1678  1679  1680  1681  1682  1683  1684  1685  1687  1689  1690  1691  1692  1693  1694  1695  1696  1697  1698  1699  1700  1701  1702  1703  1704  1705  1706  1707  1708  1709  1710  1711  1712  1713  1714  1715  1716  1717  1718  1720  1721  1722  1723  1724  1725  1726  1727  1728  1729  1730  1732  1733  1734  1735  1736  1737  1738  1739  1741  1742  1743  1744  1745  1746  1747  1748  1749  1750  1752  1754  1755  1756  1757  1758  1759  1760  1761  1762  1763  1764  1765  1766  1767  1768  1769  1770  1771  1772  1774  1775  1778  1779  1781  1782  1783  1784  1785  1786  1787  1788  1789  1790  1791  1792  1793  1794  1795  1796  1798  1800  1801  1802  1803  1804  1805  1806  1807  1808  1809  1810  1811  1812  1813  1814  1815  1816  1817  1818  1819  1820  1821  1822  1823  1824  1825  1826  1827  1828  1829  1830  1832  1833  1834  1835  1837  1838  1840  1841  1842  1843  1844  1845  1846  1847  1849  1850  1851  1852  1853  1855  1857  1858  1860  1861  1862  1863  1864  1868  1869  1870  1871  1872  1873  1874  1875  1876  1880  1881  1882  1884  1885  1886  1887  1888  1890  1892  1893  1895  1896  1897  1898  1899  1900  1901  1902  1903  1904  1905  1906  1907  1908  1910  1911  1912  1913  1914  1915  1916  1917  1918  1919  1921  1922  1923  1924  1925  1926  1927  1928  1929  1930  1931  1934  1936  1937  1938  1939  1940  1941  1942  1943  1944  1945  1946  1947  1948  1949  1950  1951  1952  1953  1954  1955  1956  1957  1958  1959  1961  1962  1965  1966  1967  1970  1971  1973  1974  1975  1976  1981  1983  1984  1986  1988  1989  1990  1992  1993  1995  1998  1999  2000  2001  2002  2004  2005  2006  2007  2008  2010  2011  2013  2016  2017  2018  2019  2020  2021  2022  2023  2026  2029  2030  2032  2035  2036  2037  2038  2039  2040  2041  2043  2044  2045  2048  2051  2054  2055  2056  2057  2058  2059  2060  2061  2064  2066  2070  2072  2073  2075  2076  2077  2081  2082  2083  2084  2091  2093  2094  2096  2100  2102  2103  2104  2105  2106  2107  2108  2116  2117  2119  2120  2123  2128  2131  2132  2133  2134  2136  2138  2143  2144  2150  2153  2155  2156  2157  2158  2159  2162  2163  2164  2166  2167  2168  2169  2170  2171  2172  2173  2174  2178  2179  2180  2181  2183  2184  2185  2186  2187  2188  2191  2192  2193  2196  2197  2198  2199  2200  2201  2202  2203  2204  2207  2211  2212  2213  2217  2218  2219  2220  2221  2222  2223  2227  2228  2229  2230  2231  2233  2234  2235  2236  2237  2238  2244  2245  2249  2250  2251  2252  2253  2255  2256  2259  2260  2261  2262  2263  2264  2265  2266  2268  2269  2270  2271  2272  2273  2274  2275  2276  2277  2278  2279  2280  2281  2282  2283  2284  2285  2286  2287  2290  2291  2292  2293  2294  2295  2296  2297  2298  2299  2300  2301  2302  2304  2305  2306  2307  2308  2309  2310  2311  2312  2313  2314  2315  2316  2317  2318  2319  2320  2321  2322  2323  2324  2325  2326  2327  2328  2329  2330  2331  2332  2333  2334  2335  2336  2337  2338  2339  2340  2343  2344  2345  2346  2347  2348  2349  2350  2351  2352  2353  2354  2355  2356  2357  2359  2360  2361  2362  2363  2364  2365  2366  2367  2368  2369  2370  2372  2373  2374  2375  2376  2377  2380  2381  2382  2383  2384  2385  2386  2387  2388  2389  2390  2391  2392  2393  2394  2395  2396  2398  2399  2400  2401  2402  2403  2404  2405  2406  2407  2408  2409  2411  2412  2413  2414  2415  2416  2417  2418  2419  2421  2422  2423  2425  2426  2427  2428  2429  2431  2432  2433  2434  2435  2436  2437  2438  2439  2440  2441  2442  2443  2444  2445  2446  2447  2448  2450  2451  2452  2453  2454  2456  2457  2459  2460  2461  2462  2463  2464  2465  2466  2467  2469  2470  2471  2472  2473  2474  2476  2478  2479  2480  2481  2482  2483  2484  2485  2486  2488  2490  2491  2493  2496  2502  2503  2507  2508  2509  2510  2511  2513  2514  2515  2517  2518  2522  2523  2524  2526  2527  2528  2529  2530  2531  2532  2533  2534  2535  2536  2537  2538  2539  2540  2541  2542  2545  2546  2547  2548  2549  2550  2551  2552  2553  2554  2555  2557  2558  2559  2560  2561  2562  2564  2565  2566  2569  2570  2571  2572  
projected point: 2573
--------------------------------------------------------------------------
(2096/2573)
found t = [0.3913677468002919; 0.1857573713548511; -0.2214836732792445]
R = 
[0.9897297341880437, -0.04470135302365313, -0.1357823342777665;
  0.032100730134891, 0.9950911086803144, -0.09361211753928926;
  0.1393003818690791, 0.08829198413920451, 0.98630620455713]
frame pose [0.9897297341880437, -0.04470135302365313, -0.1357823342777665, 0.3913677468002919;
  0.032100730134891, 0.9950911086803144, -0.09361211753928926, 0.1857573713548511;
  0.1393003818690791, 0.08829198413920451, 0.98630620455713, -0.2214836732792445]
next to triangulate ,inliers size: 2096
match size: 11938
match size: 2096
begin triangulation
p query index 2
[0.9897297341880437, -0.04470135302365313, -0.1357823342777665, 0.3913677468002919;
  0.032100730134891, 0.9950911086803144, -0.09361211753928926, 0.1857573713548511;
  0.1393003818690791, 0.08829198413920451, 0.98630620455713, -0.2214836732792445]
p train index 1
[1, 0, 0, 0;
  0, 1, 0, 0;
  0, 0, 1, 0]
getalign
triangulate points
Triangulating...Done. (2096points, 0.176061s, mean reproj err = 14.4394)
triangulation reproj error 14.4394
test triangulate
2096/2096 = 100% are in front of camera
2096/2096 = 100% are in front of camera
filtered out 485 high-error points
250/1611 points were found in other views, adding 1361 new
before triangulation: 3504 after 3504
======================== Bundle Adjustment ==========================
N (cams) = 2 M (points) = 1611 K (measurements) = 3222
intrinsic before bundle = [ 1024 0 512 
0 1024 384 
0 0 1 ]
Read the 3D points.
Read the cameras.
Read 3222 valid 2D measurements.
mean reprojection error (in pixels): 13.6512
K0 = [ 1 0 0.5 
0 1 0.375 
0 0 1 ]
optimizer status = 0
refined K = [ 1.0034 0 0.654678 
0 1.0034 0.37047 
0 0 1 ]
Knew = [ 1027.48 0 670.39 
0 1027.48 379.362 
0 0 1 ]
mean reprojection error (in pixels): 0.310824
use new K 
[1027.478414419292, 0, 670.3902903189377;
  0, 1027.478414419292, 379.3616488078462;
  0, 0, 1]
after 2 map size: 3504
F keeping 12911 / 22170
22170 matches before, 12911 new matches after Fundamental Matrix
-----------------------------------------------------------------
find 2d 3d correspondences
query frame keypoints: 22170
train frame keypoints: 22600
match size: 12911-----------------------------------------------------------------
found 1544 3d-2d point correspondences
-------------------------------------------------------------------------
find pose estimation
3d point: 1544
2d point: 1544
inliers size: 1470
2  3  4  5  6  7  8  9  11  12  13  14  15  16  17  18  22  23  24  25  26  27  28  29  30  31  32  33  34  36  37  38  39  40  41  42  43  44  45  46  47  48  49  50  51  52  53  54  55  56  57  58  59  60  61  62  63  64  65  66  67  68  69  70  71  72  73  74  75  76  77  78  79  80  81  82  83  84  85  86  87  88  89  90  91  93  94  95  96  97  99  100  102  103  104  105  106  107  108  109  110  111  112  113  114  115  116  118  119  120  121  122  123  124  125  126  127  128  129  130  131  132  133  134  135  136  137  138  139  140  141  142  143  144  145  146  147  148  149  150  151  152  154  155  156  157  158  159  161  162  163  164  165  166  167  168  169  170  171  172  173  174  175  176  177  178  179  180  181  182  183  184  185  186  187  188  189  190  191  192  193  194  195  196  197  198  199  200  201  202  203  204  205  206  207  208  209  210  211  212  213  214  215  216  217  218  219  220  221  222  223  224  225  226  227  228  229  230  231  232  233  234  235  236  237  238  239  240  241  242  243  244  246  247  248  249  250  251  252  253  254  255  256  257  258  259  260  261  262  263  264  265  266  267  268  269  270  271  272  273  274  275  276  277  279  280  281  282  283  284  285  286  287  288  289  290  291  292  293  294  295  296  297  298  299  300  301  302  303  304  305  306  307  308  309  310  311  312  313  314  315  316  317  318  319  320  321  322  323  324  325  326  327  328  329  330  331  333  334  335  336  337  338  339  340  341  342  343  345  346  347  348  349  350  351  352  353  354  355  356  357  359  360  361  362  363  364  365  366  367  368  369  370  371  372  373  374  375  377  378  379  380  381  382  383  384  385  386  387  388  389  390  391  392  393  394  395  396  397  398  399  400  401  402  403  404  405  406  407  408  410  411  412  413  414  415  416  417  418  419  420  421  423  424  425  426  427  428  429  430  431  432  433  434  435  436  437  438  439  440  441  442  443  444  445  446  447  448  449  450  451  452  453  454  455  456  457  458  459  460  461  463  464  465  466  467  468  469  470  471  472  473  474  475  476  477  478  479  480  482  483  484  485  486  487  488  490  491  492  493  494  495  496  497  498  499  500  501  502  503  504  505  506  507  508  509  510  511  513  514  515  516  517  518  519  520  522  523  524  525  526  527  528  530  531  532  533  534  536  537  538  539  540  541  542  543  544  545  547  548  549  550  551  552  553  554  555  556  557  558  559  560  561  562  563  564  565  566  567  568  569  570  571  572  573  574  575  576  577  578  579  580  581  582  583  584  585  586  587  588  589  590  591  592  593  594  595  596  597  598  599  600  601  602  603  604  605  606  607  608  609  610  611  612  613  614  615  616  617  618  619  620  621  622  623  624  625  626  627  628  629  630  631  632  633  634  635  636  637  638  639  640  641  642  643  644  645  646  647  648  649  650  651  652  653  654  655  656  657  658  659  660  661  662  663  664  665  666  667  668  669  670  671  672  673  674  675  676  677  678  679  680  681  682  683  684  685  686  687  688  689  690  691  692  693  694  695  696  697  699  700  701  702  703  704  705  706  707  708  709  710  711  712  713  714  715  716  717  718  719  720  721  722  723  725  726  727  728  729  730  731  732  733  734  735  736  737  738  739  740  741  742  743  744  745  747  748  749  750  751  752  753  754  755  756  757  758  759  760  761  762  763  764  765  766  767  768  769  770  771  772  773  774  775  776  777  778  779  780  781  782  783  784  785  787  788  789  790  791  792  793  794  795  796  797  798  799  800  801  803  804  805  806  807  808  809  810  811  812  813  814  815  816  817  818  819  820  821  822  823  824  825  826  827  828  829  830  831  832  833  834  835  836  837  838  839  840  841  842  843  844  845  846  847  848  849  850  851  852  853  854  855  856  857  858  859  860  861  862  863  864  865  866  867  868  869  870  871  872  873  874  875  876  877  878  879  880  881  882  883  884  885  886  887  888  889  890  891  892  893  894  895  896  897  899  900  901  902  903  904  905  906  907  908  909  910  912  913  914  915  916  917  918  919  920  921  922  923  924  925  926  927  928  929  930  931  932  933  934  935  936  937  938  939  940  941  942  943  944  945  947  948  949  950  951  952  953  954  955  956  957  958  959  960  961  962  963  964  965  966  967  968  969  970  971  972  973  974  975  977  978  980  981  982  983  984  985  986  987  988  989  990  991  992  993  994  995  996  997  998  999  1000  1001  1002  1004  1005  1006  1007  1008  1009  1010  1011  1012  1013  1014  1015  1016  1017  1018  1021  1022  1023  1024  1025  1026  1027  1028  1029  1030  1031  1032  1033  1034  1035  1036  1037  1038  1039  1040  1041  1042  1043  1045  1047  1048  1049  1051  1052  1053  1054  1055  1056  1057  1058  1059  1060  1061  1062  1063  1064  1065  1066  1067  1068  1069  1070  1071  1072  1073  1074  1075  1076  1077  1078  1079  1080  1083  1084  1085  1086  1088  1089  1090  1091  1092  1093  1094  1095  1096  1097  1098  1099  1100  1101  1102  1103  1104  1105  1106  1107  1108  1110  1111  1112  1113  1114  1115  1116  1117  1118  1119  1120  1121  1122  1123  1124  1125  1126  1127  1128  1129  1130  1131  1132  1133  1134  1135  1136  1137  1138  1139  1140  1141  1143  1144  1145  1146  1147  1148  1149  1150  1151  1152  1153  1154  1155  1156  1157  1158  1160  1161  1162  1163  1164  1165  1166  1167  1168  1169  1170  1171  1173  1174  1175  1176  1177  1179  1180  1181  1182  1183  1184  1185  1186  1188  1189  1190  1191  1192  1193  1194  1195  1196  1197  1198  1199  1201  1202  1204  1205  1206  1207  1208  1210  1211  1212  1213  1214  1215  1216  1217  1218  1219  1220  1221  1222  1223  1224  1225  1226  1227  1228  1229  1230  1231  1232  1233  1234  1235  1236  1237  1238  1239  1240  1241  1242  1243  1244  1245  1246  1247  1248  1249  1250  1251  1252  1253  1254  1255  1256  1257  1258  1259  1260  1261  1262  1263  1264  1265  1266  1267  1268  1270  1271  1272  1273  1274  1275  1276  1277  1278  1279  1280  1281  1282  1283  1284  1285  1286  1287  1288  1289  1290  1291  1293  1294  1295  1296  1297  1298  1299  1300  1301  1302  1303  1304  1305  1306  1307  1308  1309  1310  1311  1312  1313  1314  1315  1316  1317  1318  1319  1320  1321  1322  1323  1324  1325  1326  1327  1328  1329  1330  1331  1332  1333  1334  1335  1336  1337  1338  1339  1340  1341  1342  1343  1346  1347  1348  1349  1350  1351  1352  1353  1354  1355  1356  1358  1359  1361  1362  1363  1364  1365  1366  1367  1368  1369  1370  1371  1372  1373  1374  1375  1376  1377  1378  1379  1380  1381  1382  1383  1384  1385  1386  1387  1388  1389  1390  1391  1392  1393  1394  1395  1396  1397  1398  1399  1400  1401  1402  1403  1404  1405  1406  1407  1408  1409  1410  1411  1412  1414  1415  1416  1417  1418  1419  1420  1421  1422  1423  1424  1425  1426  1427  1428  1429  1430  1431  1432  1433  1434  1435  1436  1437  1438  1439  1440  1441  1442  1443  1444  1445  1446  1447  1448  1449  1450  1451  1452  1453  1455  1456  1457  1458  1459  1460  1461  1462  1463  1464  1465  1466  1467  1468  1469  1470  1471  1472  1473  1474  1475  1476  1477  1478  1479  1480  1481  1483  1485  1486  1487  1488  1489  1490  1491  1492  1493  1494  1495  1496  1497  1498  1499  1500  1501  1502  1503  1504  1505  1506  1507  1508  1509  1510  1511  1512  1513  1514  1515  1516  1517  1519  1520  1521  1522  1523  1524  1525  1526  1527  1528  1529  1531  1532  1533  1534  1535  1536  1539  1540  
projected point: 1544
--------------------------------------------------------------------------
(1470/1544)
found t = [-0.4580828516739464; 0.05535028352421689; 0.02282651777318856]
R = 
[0.999807082150356, -0.01932294651421262, -0.003524516988205452;
  0.0192101489930083, 0.9993761718517571, -0.02963506893182114;
  0.004094955147213832, 0.02956164530157695, 0.9995545710312199]
frame pose [0.999807082150356, -0.01932294651421262, -0.003524516988205452, -0.4580828516739464;
  0.0192101489930083, 0.9993761718517571, -0.02963506893182114, 0.05535028352421689;
  0.004094955147213832, 0.02956164530157695, 0.9995545710312199, 0.02282651777318856]
next to triangulate ,inliers size: 1470
match size: 12911
match size: 1470
begin triangulation
p query index 3
[0.999807082150356, -0.01932294651421262, -0.003524516988205452, -0.4580828516739464;
  0.0192101489930083, 0.9993761718517571, -0.02963506893182114, 0.05535028352421689;
  0.004094955147213832, 0.02956164530157695, 0.9995545710312199, 0.02282651777318856]
p train index 2
[0.9977848609835001, -0.03872927807783399, -0.05408709838499073, -0.3085089137291907;
  0.03684706878084787, 0.9986946362340549, -0.03537396047359768, 0.0149825515243534;
  0.05538650299845007, 0.03330265119923627, 0.9979094491529306, -0.03949794784293947]
getalign
triangulate points
Triangulating...Done. (1470points, 0.122612s, mean reproj err = 0.366944)
triangulation reproj error 0.366944
test triangulate
1467/1470 = 99.7959% are in front of camera
1467/1470 = 99.7959% are in front of camera
filtered out 5 high-error points
809/1465 points were found in other views, adding 656 new
before triangulation: 4160 after 4160
======================== Bundle Adjustment ==========================
N (cams) = 2 M (points) = 1465 K (measurements) = 2930
intrinsic before bundle = [ 1027.48 0 670.39 
0 1027.48 379.362 
0 0 1 ]
Read the 3D points.
Read the cameras.
Read 2930 valid 2D measurements.
mean reprojection error (in pixels): 0.670104
K0 = [ 1 0 0.652462 
0 1 0.369216 
0 0 1 ]
optimizer status = 0
refined K = [ 0.872389 0 0.500106 
0 0.872389 0.270085 
0 0 1 ]
Knew = [ 896.361 0 513.848 
0 896.361 277.507 
0 0 1 ]
mean reprojection error (in pixels): 0.303135
use new K 
[896.3613424812714, 0, 513.8482834681539;
  0, 896.3613424812714, 277.5069262067622;
  0, 0, 1]
after 3 map size: 4160
F keeping 11396 / 20621
20621 matches before, 11396 new matches after Fundamental Matrix
-----------------------------------------------------------------
find 2d 3d correspondences
query frame keypoints: 20621
train frame keypoints: 22170
match size: 11396-----------------------------------------------------------------
found 1258 3d-2d point correspondences
-------------------------------------------------------------------------
find pose estimation
3d point: 1258
2d point: 1258
inliers size: 1061
1  2  4  5  6  7  8  9  11  12  13  14  15  17  18  19  20  21  22  23  24  25  26  27  28  29  30  31  33  34  36  37  38  40  41  42  43  45  46  47  49  50  51  52  53  54  55  56  57  58  59  60  61  62  63  64  65  66  67  68  69  70  71  72  73  74  75  76  77  78  79  80  81  82  83  84  85  86  87  89  90  91  92  93  94  95  96  97  98  99  100  101  103  104  105  106  107  109  111  112  113  114  116  117  119  120  121  122  123  124  125  126  127  128  129  131  132  133  134  135  136  137  138  139  140  142  143  144  145  146  147  149  150  151  152  153  155  156  157  158  159  160  161  162  163  164  165  166  167  168  169  170  172  173  174  176  177  178  181  182  184  185  186  187  188  189  190  191  192  193  195  196  197  198  199  200  201  202  203  204  205  206  207  208  210  211  214  215  216  217  218  219  220  221  222  224  225  228  229  230  231  232  233  234  235  236  237  238  239  240  241  242  243  244  245  247  248  250  252  253  255  256  257  258  259  260  261  263  264  265  266  270  271  273  274  275  276  277  278  279  280  281  282  283  284  285  286  287  289  290  291  292  293  294  295  296  297  298  299  300  302  304  305  306  307  308  309  310  311  314  315  316  317  318  319  320  321  323  324  326  327  328  330  331  333  334  335  336  337  338  339  340  342  344  345  346  347  349  351  352  353  354  355  356  357  358  359  360  361  362  363  364  365  366  367  369  370  371  372  374  375  376  378  379  380  382  383  384  385  386  387  388  389  391  392  394  395  396  397  398  400  401  402  403  404  405  406  407  408  409  410  411  412  413  414  415  417  418  419  420  421  422  423  425  426  427  428  429  430  431  433  434  435  436  437  438  439  440  441  442  443  444  445  446  447  449  450  451  452  453  454  455  456  457  458  460  461  462  464  465  466  467  468  470  471  472  473  474  475  476  478  479  480  481  482  483  484  485  486  487  488  489  490  491  493  494  495  496  497  498  499  500  501  502  503  504  507  508  509  510  513  514  515  516  517  518  519  520  521  522  523  524  525  526  527  528  529  530  531  532  533  534  536  537  538  539  540  541  542  543  544  545  546  547  548  549  550  551  552  553  555  556  557  558  559  560  561  562  563  564  565  567  568  569  570  571  572  573  574  575  577  578  579  580  581  582  583  584  585  586  587  588  590  591  592  594  595  596  597  598  600  602  603  604  605  606  608  609  610  611  612  613  614  615  616  617  619  620  621  625  626  627  630  631  633  635  636  638  639  640  641  642  643  644  645  647  648  649  650  651  652  653  654  656  657  658  659  662  663  664  665  666  667  669  670  671  672  673  674  675  676  677  679  680  681  683  684  687  688  689  690  691  692  693  694  696  697  698  699  700  701  702  704  705  706  708  709  710  711  713  714  715  718  719  720  721  722  723  724  725  727  728  729  730  731  732  733  734  735  736  737  738  739  740  741  742  743  746  747  748  749  750  751  752  753  756  757  758  759  760  761  762  763  764  765  766  767  769  770  771  772  773  774  775  776  777  778  783  786  787  788  789  790  791  792  793  794  795  796  797  798  799  800  801  802  803  805  806  807  808  809  810  811  812  813  814  815  816  817  818  819  820  821  822  823  824  825  826  827  830  831  832  833  834  835  836  837  839  841  842  843  844  846  847  848  849  850  851  852  853  854  855  856  857  858  859  861  863  864  865  866  867  868  869  870  872  873  874  875  876  877  878  879  880  881  882  883  884  885  886  888  889  890  891  892  893  894  895  896  897  898  899  900  902  903  904  905  906  907  908  909  910  911  912  913  914  915  916  918  920  921  922  923  924  925  926  927  928  930  931  932  933  934  935  936  937  938  939  940  941  942  943  944  946  947  948  949  950  951  952  953  954  955  956  957  959  960  962  963  964  965  966  967  969  970  971  972  973  975  976  977  978  979  980  981  982  983  984  985  986  987  988  989  990  991  992  993  994  995  996  997  998  999  1000  1001  1003  1004  1005  1008  1009  1010  1011  1015  1016  1017  1018  1019  1020  1021  1022  1023  1024  1026  1027  1028  1030  1031  1032  1033  1034  1035  1037  1038  1039  1041  1042  1043  1044  1045  1046  1047  1048  1049  1050  1051  1052  1053  1054  1055  1058  1059  1060  1061  1062  1063  1064  1068  1069  1070  1071  1072  1074  1075  1076  1077  1078  1079  1080  1082  1084  1087  1088  1090  1091  1095  1096  1097  1098  1099  1100  1101  1105  1106  1107  1111  1112  1113  1114  1115  1117  1118  1119  1120  1121  1122  1123  1124  1125  1126  1127  1128  1129  1130  1132  1133  1134  1135  1136  1137  1138  1141  1142  1143  1144  1145  1146  1148  1149  1150  1152  1153  1154  1155  1156  1157  1158  1159  1160  1162  1163  1164  1165  1166  1167  1168  1169  1170  1171  1172  1173  1174  1175  1176  1177  1178  1179  1180  1181  1182  1183  1185  1186  1187  1188  1190  1191  1193  1194  1196  1197  1198  1199  1200  1201  1202  1203  1205  1207  1208  1209  1210  1211  1212  1213  1216  1217  1218  1219  1220  1221  1222  1223  1224  1225  1226  1227  1229  1230  1231  1233  1234  1237  1240  1242  1244  1245  1248  1249  1250  1252  1254  
projected point: 1258
--------------------------------------------------------------------------
(1061/1258)
found t = [0.2018961860493384; 0.2483394961627772; -0.3722693043154091]
R = 
[0.9950265546495706, -0.05755283960841436, -0.08130083760462289;
  0.05773496250969596, 0.9983319396887559, -0.0001109111822823116;
  0.08117160615762839, -0.004583541239531304, 0.9966896013822439]
frame pose [0.9950265546495706, -0.05755283960841436, -0.08130083760462289, 0.2018961860493384;
  0.05773496250969596, 0.9983319396887559, -0.0001109111822823116, 0.2483394961627772;
  0.08117160615762839, -0.004583541239531304, 0.9966896013822439, -0.3722693043154091]
next to triangulate ,inliers size: 1061
match size: 11396
match size: 1061
begin triangulation
p query index 4
[0.9950265546495706, -0.05755283960841436, -0.08130083760462289, 0.2018961860493384;
  0.05773496250969596, 0.9983319396887559, -0.0001109111822823116, 0.2483394961627772;
  0.08117160615762839, -0.004583541239531304, 0.9966896013822439, -0.3722693043154091]
p train index 3
[0.9995289160040947, -0.02578543818245285, 0.01664503678034112, -0.06283711599217817;
  0.02612329439630477, 0.9994503545888509, -0.02040985551405332, 0.3140738238073145;
  -0.01610961084458595, 0.02083506395381202, 0.9996531301148797, -0.2751389238202361]
getalign
triangulate points
Triangulating...Done. (1061points, 0.0880063s, mean reproj err = 0.426599)
triangulation reproj error 0.426599
test triangulate
1059/1061 = 99.8115% are in front of camera
1059/1061 = 99.8115% are in front of camera
filtered out 3 high-error points
893/1058 points were found in other views, adding 165 new
before triangulation: 4325 after 4325
======================== Bundle Adjustment ==========================
N (cams) = 2 M (points) = 1058 K (measurements) = 2116
intrinsic before bundle = [ 896.361 0 513.848 
0 896.361 277.507 
0 0 1 ]
Read the 3D points.
Read the cameras.
Read 2116 valid 2D measurements.
mean reprojection error (in pixels): 1.08087
K0 = [ 1 0 0.57326 
0 1 0.309593 
0 0 1 ]
optimizer status = 0
refined K = [ 1.04889 0 0.612665 
0 1.04889 0.319753 
0 0 1 ]
Knew = [ 940.182 0 549.169 
0 940.182 286.614 
0 0 1 ]
mean reprojection error (in pixels): 0.350566
use new K 
[940.1816494228012, 0, 549.1694160741713;
  0, 940.1816494228012, 286.614125444926;
  0, 0, 1]
after 4 map size: 4325
F keeping 13640 / 22138
22138 matches before, 13640 new matches after Fundamental Matrix
-----------------------------------------------------------------
find 2d 3d correspondences
query frame keypoints: 22138
train frame keypoints: 20621
match size: 13640-----------------------------------------------------------------
found 1009 3d-2d point correspondences
-------------------------------------------------------------------------
find pose estimation
3d point: 1009
2d point: 1009
inliers size: 408
110  118  128  136  155  163  169  199  215  240  252  253  263  265  283  289  290  297  299  303  305  310  315  319  321  323  325  331  333  341  342  343  347  348  350  352  353  358  361  368  369  373  374  377  378  380  381  383  384  387  388  389  391  395  396  397  398  399  400  401  402  405  408  409  410  411  412  413  415  416  417  418  420  421  423  426  427  429  430  432  433  434  435  437  438  442  443  444  445  446  449  452  453  454  455  456  457  462  463  464  465  466  467  468  473  474  475  476  478  479  481  487  488  489  490  495  496  497  498  499  503  504  505  506  507  508  509  512  513  514  515  518  519  520  521  522  523  524  525  526  531  533  534  536  537  538  539  540  541  544  546  547  550  551  552  553  554  559  560  561  562  563  565  567  568  569  570  571  572  573  574  575  576  587  589  590  591  592  593  594  595  597  598  599  600  604  606  608  609  610  611  612  614  615  616  617  618  626  627  629  630  631  632  633  634  635  636  637  639  640  643  644  645  646  647  648  650  653  654  655  656  657  658  659  660  661  662  667  668  669  670  671  673  674  675  676  678  679  680  682  683  684  685  687  689  690  691  692  693  694  695  696  697  698  699  706  707  708  709  710  711  712  716  717  718  719  720  721  722  723  728  729  730  731  732  734  735  737  738  740  742  743  749  750  751  752  754  756  757  758  759  761  762  763  764  765  766  767  768  769  770  774  775  776  777  778  779  780  784  786  787  789  791  792  795  797  799  801  802  806  808  810  812  813  814  816  817  818  819  820  821  822  825  827  828  829  830  831  834  837  841  842  845  846  847  853  854  860  865  867  869  871  872  873  874  875  876  878  880  882  883  884  885  886  887  893  894  895  897  902  908  911  913  914  915  920  922  924  927  931  936  941  942  943  945  947  948  949  950  951  952  966  967  973  974  978  979  980  982  987  990  991  992  993  994  996  1005  1006  
projected point: 1009
--------------------------------------------------------------------------
(408/1009)
found t = [0.1700978246911473; 0.2402168297497925; -0.4466877746387348]
R = 
[0.9919346410117003, -0.07197258851356035, -0.1043341481186624;
  0.07296106523215774, 0.9973185941108663, 0.005683731249267434;
  0.103645313069034, -0.0132502205031764, 0.994526058349121]
