hello world
P1000965.JPG
P1000966.JPG
P1000967.JPG
P1000968.JPG
P1000969.JPG
P1000970.JPG
P1000971.JPG
=================================================================
-----------------------------------------------------------------
compute 0  1
matches1: 18207
matches1: 18207
matches2: 19294
matches2: 19294
symmatches: 0
symmatches: 1710
symmatches: 1710
matches: 0
symmatches: 1710
matches: 3398
=========================== Baseline triangulation ===========================
Find camera matrices...
before fundamentalMat 3398
F keeping 3286 / 3398
3398 matches before, 3286 new matches after Fundamental Matrix
after fundamentalMat 3286
K
[1024, 0, 512;
  0, 1024, 384;
  0, 0, 1]
F
[-2.847594643080407e-006, 6.115117991131248e-005, -0.03057766766829118;
  -5.896196375141554e-005, -4.57970856893683e-006, 0.06463681444600472;
  0.03208002963847528, -0.06337578275817452, 1]
det(F)
3.04402e-022
E
[-2.985919400462681, 64.12165962668439, -8.758869032554856;
  -61.8261001026043, -4.802172492381505, 33.47423325676362;
  8.172203111090738, -34.63678641567157, 1.262077550769259]
----------------------- SVD ------------------------
U:
[0.8212976311671556, 0.3105336207257524, 0.4785802664529467;
  -0.398764702516822, 0.9123961308428441, 0.09230391351225703;
  -0.4079913149392881, -0.2666499030976055, 0.8731786278374821]
W:
[74.29912982675076; 70.07850287337404; 5.950711431432426e-014]
Vt:
[0.2539403898199662, 0.9247673860848422, -0.2834070571667055;
  -0.8492795594755586, 0.3534085668929281, 0.3922073618682952;
  0.4628590587588026, 0.1410945302997087, 0.8751307475140044]
----------------------------------------------------
singular value ratio: 0.943194
P
[1, 0, 0, 0;
  0, 1, 0, 0;
  0, 0, 1, 0]
Testing P1 
[0.9978835307662127, 0.06444280381256264, 0.00869390949646115, 0.4785802664529467;
  -0.06424477922339077, 0.9977046243592523, -0.02140305760169103, 0.09230391351225703;
  -0.01005322675039483, 0.02079922039257966, 0.999733126920863, 0.8731786278374821]
test branch 1
Triangulating...Done. (3286points, 0.276226s, mean reproj err = 8.18463)
Triangulating...Done. (3286points, 0.273344s, mean reproj err = 8.57644)
3162/3286 = 96.2264% are in front of camera
3162/3286 = 96.2264% are in front of camera
Done. (0.62177s)
begin triangulation
p query index 1
[1, 0, 0, 0;
  0, 1, 0, 0;
  0, 0, 1, 0]
p train index 0
[0.9978835307662127, 0.06444280381256264, 0.00869390949646115, 0.4785802664529467;
  -0.06424477922339077, 0.9977046243592523, -0.02140305760169103, 0.09230391351225703;
  -0.01005322675039483, 0.02079922039257966, 0.999733126920863, 0.8731786278374821]
getalign
triangulate points
Triangulating...Done. (3286points, 0.27598s, mean reproj err = 8.18463)
triangulation reproj error 8.18463
test triangulate
3162/3286 = 96.2264% are in front of camera
3162/3286 = 96.2264% are in front of camera
filtered out 318 high-error points
1479/2968 points were found in other views, adding 1489 new
 after 1489
-----------------------------------------------------------------
=================================================================
=================================================================
-----------------------------------------------------------------
compute 1  0
matches1: 19294
matches1: 19294
matches2: 18207
matches2: 18207
symmatches: 0
symmatches: 1710
symmatches: 1710
matches: 0
symmatches: 1710
matches: 3399
=========================== Baseline triangulation ===========================
Find camera matrices...
before fundamentalMat 3399
F keeping 3113 / 3399
3399 matches before, 3113 new matches after Fundamental Matrix
after fundamentalMat 3113
K
[1024, 0, 512;
  0, 1024, 384;
  0, 0, 1]
F
[-1.261549165104322e-006, -6.452344501957933e-005, 0.01335120583450195;
  6.672191947012032e-005, -3.834928369540216e-006, -0.02842360410867956;
  -0.01488540986097042, 0.02778123876978683, 1]
det(F)
2.06795e-021
E
[-1.322830177348429, -67.65773588485041, -12.36143127096313;
  69.96300343030089, -4.021213850019001, 4.367775914105451;
  10.33205150005491, -6.888834635920617, -0.4961338289107324]
----------------------- SVD ------------------------
U:
[0.4578614008472056, -0.8842991938375333, -0.09153072376269754;
  0.872054667418994, 0.4667551013271683, -0.1471744964924721;
  0.1728687208461449, -0.01243427373647358, 0.9848663839271112]
W:
[71.72398829956924; 68.35434548059861; 4.636890129654639e-013]
Vt:
[0.8671015208570847, -0.4973991117116016, -0.02700141099721358;
  0.4929737037366503, 0.8490815978024958, 0.1898351065986739;
  -0.07149741220142163, -0.1779172952291889, 0.9814446271220959]
----------------------------------------------------
singular value ratio: 0.953019
P
[1, 0, 0, 0;
  0, 1, 0, 0;
  0, 0, 1, 0]
Testing P1 
[-0.985946596556961, 0.06737284250086936, -0.1528731789134318, -0.09153072376269754;
  -0.01465336538852502, -0.9464242548275771, -0.3225932559072733, -0.1471744964924721;
  -0.166416909058351, -0.3158196161852811, 0.9341110118246367, 0.9848663839271112]
test branch 1
Triangulating...Done. (3113points, 0.260868s, mean reproj err = 2.78081)
Triangulating...Done. (3113points, 0.259936s, mean reproj err = 2.81813)
3113/3113 = 100% are in front of camera
0/3113 = 0% are in front of camera
P
[1, 0, 0, 0;
  0, 1, 0, 0;
  0, 0, 1, 0]
Testing P1 
[-0.985946596556961, 0.06737284250086936, -0.1528731789134318, 0.09153072376269754;
  -0.01465336538852502, -0.9464242548275771, -0.3225932559072733, 0.1471744964924721;
  -0.166416909058351, -0.3158196161852811, 0.9341110118246367, -0.9848663839271112]
test branch 2
Triangulating...Done. (3113points, 0.251083s, mean reproj err = 2.78081)
Triangulating...Done. (3113points, 0.250179s, mean reproj err = 2.81813)
0/3113 = 0% are in front of camera
P
[1, 0, 0, 0;
  0, 1, 0, 0;
  0, 0, 1, 0]
Testing P1 
[0.9990350163288732, -0.03480304489641098, -0.02679149519356068, -0.09153072376269754;
  0.03569855667104294, 0.9987940315128939, 0.0337060182434003, -0.1471744964924721;
  0.02558611342843048, -0.03462991019564607, 0.9990726300522246, 0.9848663839271112]
test branch 3
Triangulating...Done. (3113points, 0.251859s, mean reproj err = 6.09994)
Triangulating...Done. (3113points, 0.250733s, mean reproj err = 6.44272)
2342/3113 = 75.2329% are in front of camera
2332/3113 = 74.9117% are in front of camera
P
[1, 0, 0, 0;
  0, 1, 0, 0;
  0, 0, 1, 0]
Testing P1 
[0.9990350163288732, -0.03480304489641098, -0.02679149519356068, 0.09153072376269754;
  0.03569855667104294, 0.9987940315128939, 0.0337060182434003, 0.1471744964924721;
  0.02558611342843048, -0.03462991019564607, 0.9990726300522246, -0.9848663839271112]
test branch 4
Triangulating...Done. (3113points, 0.253123s, mean reproj err = 6.09994)
Triangulating...Done. (3113points, 0.250724s, mean reproj err = 6.44272)
771/3113 = 24.7671% are in front of camera
Shit.
-----------------------------------------------------------------
=================================================================
=================================================================
-----------------------------------------------------------------
compute 0  2
matches1: 17746
matches1: 17746
matches2: 19294
matches2: 19294
symmatches: 0
symmatches: 1494
symmatches: 1494
matches: 0
symmatches: 1494
matches: 2928
=========================== Baseline triangulation ===========================
Find camera matrices...
before fundamentalMat 2928
F keeping 2897 / 2928
2928 matches before, 2897 new matches after Fundamental Matrix
after fundamentalMat 2897
K
[1024, 0, 512;
  0, 1024, 384;
  0, 0, 1]
F
[-1.375788380185509e-006, 6.567783153320155e-005, -0.03594487165312671;
  -6.654413623741998e-005, -3.790622122187197e-006, -0.0489329555574779;
  0.03602516549117535, 0.0500348284772143, 1]
det(F)
7.19846e-020
E
[-1.4426186765414, 68.86819787775835, -11.70328370691307;
  -69.77658419928889, -3.974755382394562, -86.48617185889978;
  10.00224104995952, 84.17923003114865, 0.3743025661881205]
----------------------- SVD ------------------------
U:
[0.1671430556631368, -0.6193635199785716, 0.7671062697327816;
  -0.9188617114315502, -0.3799234892764923, -0.1065424683450584;
  0.3574302088641534, -0.6870567461394499, -0.6326109968816533]
W:
[112.3655945738606; 108.6582064821168; 6.484394243708543e-012]
Vt:
[0.6002639085820277, 0.402714830176983, 0.6910166464053892;
  0.1889517800366946, -0.9109321569030774, 0.3667421851122011;
  0.7771618009621879, -0.08957327210407794, -0.6228933809648143]
----------------------------------------------------
singular value ratio: 0.967006
P
[1, 0, 0, 0;
  0, 1, 0, 0;
  0, 0, 1, 0]
Testing P1 
[0.1928021448911322, -0.1658831091909153, -0.967114329854818, 0.7671062697327816;
  -0.1372345392306768, -0.9804781466465123, 0.1408164947396581, -0.1065424683450584;
  -0.9715935437041162, 0.105571767219154, -0.2118031817482969, -0.6326109968816533]
test branch 1
Triangulating...Done. (2897points, 0.244307s, mean reproj err = 5.49137)
Triangulating...Done. (2897points, 0.240377s, mean reproj err = 5.35713)
0/2897 = 0% are in front of camera
P
[1, 0, 0, 0;
  0, 1, 0, 0;
  0, 0, 1, 0]
Testing P1 
[0.1928021448911322, -0.1658831091909153, -0.967114329854818, -0.7671062697327816;
  -0.1372345392306768, -0.9804781466465123, 0.1408164947396581, 0.1065424683450584;
  -0.9715935437041162, 0.105571767219154, -0.2118031817482969, 0.6326109968816533]
test branch 2
Triangulating...Done. (2897points, 0.234061s, mean reproj err = 5.49137)
Triangulating...Done. (2897points, 0.232729s, mean reproj err = 5.35713)
2897/2897 = 100% are in front of camera
0/2897 = 0% are in front of camera
P
[1, 0, 0, 0;
  0, 1, 0, 0;
  0, 0, 1, 0]
Testing P1 
[0.9995292353386968, 0.02845867192787795, 0.01146349402849978, 0.7671062697327816;
  -0.0283669339253281, 0.9995648616619365, -0.008087298092077852, -0.1065424683450584;
  -0.01168865958594523, 0.007758306700270688, 0.9999015871145662, -0.6326109968816533]
test branch 3
Triangulating...Done. (2897points, 0.233859s, mean reproj err = 5.98966)
Triangulating...Done. (2897points, 0.233234s, mean reproj err = 5.83034)
2797/2897 = 96.5482% are in front of camera
2797/2897 = 96.5482% are in front of camera
Done. (1.51384s)
begin triangulation
p query index 1
[1, 0, 0, 0;
  0, 1, 0, 0;
  0, 0, 1, 0]
p train index 0
[0.9995292353386968, 0.02845867192787795, 0.01146349402849978, 0.7671062697327816;
  -0.0283669339253281, 0.9995648616619365, -0.008087298092077852, -0.1065424683450584;
  -0.01168865958594523, 0.007758306700270688, 0.9999015871145662, -0.6326109968816533]
getalign
triangulate points
Triangulating...Done. (2897points, 0.243281s, mean reproj err = 5.98966)
triangulation reproj error 5.98966
test triangulate
2797/2897 = 96.5482% are in front of camera
2797/2897 = 96.5482% are in front of camera
filtered out 100 high-error points
1388/2797 points were found in other views, adding 1409 new
 after 1409
-----------------------------------------------------------------
=================================================================
=================================================================
-----------------------------------------------------------------
compute 2  0
matches1: 19294
matches1: 19294
matches2: 17746
matches2: 17746
symmatches: 0
symmatches: 1494
symmatches: 1494
matches: 0
symmatches: 1494
matches: 2858
=========================== Baseline triangulation ===========================
Find camera matrices...
before fundamentalMat 2858
F keeping 2803 / 2858
2858 matches before, 2803 new matches after Fundamental Matrix
after fundamentalMat 2803
K
[1024, 0, 512;
  0, 1024, 384;
  0, 0, 1]
F
[-1.538347364934083e-006, -5.965152762032902e-005, 0.02700824581480016;
  6.470950143793147e-005, -2.205002355875071e-006, -0.09634308122428431;
  -0.02614556152206082, 0.09250031464555875, 1]
det(F)
-2.8455e-020
E
[-1.613074126533121, -62.54916022601412, 3.393971566333505;
  67.85283017978043, -2.312112550314058, -65.59594229014469;
  -2.134780744439183, 62.57869987767732, 0.232100748961912]
----------------------- SVD ------------------------
U:
[-0.02565400568209634, 0.7077337613487346, -0.706013310809106;
  -0.9964152277491988, -0.07505484906780194, -0.03903157107934632;
  0.08061368309397132, -0.7024810977375703, -0.7071221545245509]
W:
[94.50931291151746; 88.47255608295478; 3.741222728708253e-012]
Vt:
[-0.7167579773438175, 0.09473309952010461, 0.6908571789952774;
  -0.05351566673003132, -0.9952800604061617, 0.08095476991720146;
  0.6952654711176439, 0.02105329459302659, 0.7184446279695743]
----------------------------------------------------
singular value ratio: 0.936125
det(R) == -1 [-1]: flip E's sign
----------------------- SVD ------------------------
U:
[0.02565400568209634, -0.7077337613487346, 0.706013310809106;
  0.9964152277491988, 0.07505484906780194, 0.03903157107934632;
  -0.08061368309397132, 0.7024810977375703, 0.7071221545245509]
W:
[94.50931291151746; 88.47255608295478; 3.741222728708253e-012]
Vt:
[-0.7167579773438175, 0.09473309952010461, 0.6908571789952774;
  -0.05351566673003132, -0.9952800604061617, 0.08095476991720146;
  0.6952654711176439, 0.02105329459302659, 0.7184446279695743]
----------------------------------------------------
singular value ratio: 0.936125
P
[1, 0, 0, 0;
  0, 1, 0, 0;
  0, 0, 1, 0]
Testing P1 
[0.999513387655645, -0.02664898630358863, 0.01621170645326325, 0.706013310809106;
  0.02666496710021467, 0.9996441297144105, -0.0007703616443653395, 0.03903157107934632;
  -0.0161854078317476, 0.001202271396095677, 0.9998682848839691, 0.7071221545245509]
test branch 1
Triangulating...Done. (2803points, 0.238642s, mean reproj err = 4.31704)
Triangulating...Done. (2803points, 0.236498s, mean reproj err = 4.06537)
5/2803 = 0.17838% are in front of camera
P
[1, 0, 0, 0;
  0, 1, 0, 0;
  0, 0, 1, 0]
Testing P1 
[0.999513387655645, -0.02664898630358863, 0.01621170645326325, -0.706013310809106;
  0.02666496710021467, 0.9996441297144105, -0.0007703616443653395, -0.03903157107934632;
  -0.0161854078317476, 0.001202271396095677, 0.9998682848839691, -0.7071221545245509]
test branch 2
Triangulating...Done. (2803points, 0.228292s, mean reproj err = 4.31704)
Triangulating...Done. (2803points, 0.228215s, mean reproj err = 4.06537)
2798/2803 = 99.8216% are in front of camera
2798/2803 = 99.8216% are in front of camera
Done. (1.00542s)
begin triangulation
p query index 1
[1, 0, 0, 0;
  0, 1, 0, 0;
  0, 0, 1, 0]
p train index 0
[0.999513387655645, -0.02664898630358863, 0.01621170645326325, -0.706013310809106;
  0.02666496710021467, 0.9996441297144105, -0.0007703616443653395, -0.03903157107934632;
  -0.0161854078317476, 0.001202271396095677, 0.9998682848839691, -0.7071221545245509]
getalign
triangulate points
Triangulating...Done. (2803points, 0.239652s, mean reproj err = 4.31704)
triangulation reproj error 4.31704
test triangulate
2798/2803 = 99.8216% are in front of camera
2798/2803 = 99.8216% are in front of camera
filtered out 5 high-error points
1348/2798 points were found in other views, adding 1450 new
 after 1450
-----------------------------------------------------------------
=================================================================
=================================================================
-----------------------------------------------------------------
compute 0  3
matches1: 16577
matches1: 16577
matches2: 19294
matches2: 19294
symmatches: 0
symmatches: 883
symmatches: 883
matches: 0
symmatches: 883
matches: 1663
=========================== Baseline triangulation ===========================
Find camera matrices...
before fundamentalMat 1663
F keeping 1618 / 1663
1663 matches before, 1618 new matches after Fundamental Matrix
after fundamentalMat 1618
K
[1024, 0, 512;
  0, 1024, 384;
  0, 0, 1]
F
[-2.943445454573203e-007, -3.621479973204807e-005, 0.005098709591308315;
  4.803232874943169e-005, -2.81846028724869e-006, 0.1362004346272267;
  -0.007707713007263028, -0.1391180000473204, 1]
det(F)
-2.06478e-019
E
[-0.3086426260974551, -37.97396984383204, -9.173481382986028;
  50.36554715076409, -2.955369814162083, 163.5437549533514;
  10.84006074905047, -162.5520806506829, 0.3745063381240357]
----------------------- SVD ------------------------
U:
[0.04094481384435215, 0.2310388236843342, -0.9720826015158436;
  0.9173785093273837, -0.3941907624553653, -0.05504828261739801;
  0.395904272322892, 0.8895137462374692, 0.2280901190561848]
W:
[172.3331330590881; 166.3140706235532; 7.919609378400339e-012]
Vt:
[0.2929399513512907, -0.3981886237852263, 0.869270961662893;
  -0.06182615083156969, -0.9151408025226395, -0.3983652076067526;
  0.9541298192466551, 0.06295340694709535, -0.2926997720841239]
----------------------------------------------------
singular value ratio: 0.965073
det(R) == -1 [-1]: flip E's sign
----------------------- SVD ------------------------
U:
[-0.04094481384435215, -0.2310388236843342, 0.9720826015158436;
  -0.9173785093273837, 0.3941907624553653, 0.05504828261739801;
  -0.395904272322892, -0.8895137462374692, -0.2280901190561848]
W:
[172.3331330590881; 166.3140706235532; 7.919609378400339e-012]
Vt:
[0.2929399513512907, -0.3981886237852263, 0.869270961662893;
  -0.06182615083156969, -0.9151408025226395, -0.3983652076067526;
  0.9541298192466551, 0.06295340694709535, -0.2926997720841239]
----------------------------------------------------
singular value ratio: 0.965073
P
[1, 0, 0, 0;
  0, 1, 0, 0;
  0, 0, 1, 0]
Testing P1 
[0.8572810348702703, 0.1157226730425801, -0.5016746856236996, 0.9720826015158436;
  0.1112794486330642, -0.9930273055164839, -0.03890571693970694, 0.05504828261739801;
  -0.5026789348716321, -0.02247294912892955, -0.8641810313781306, -0.2280901190561848]
test branch 1
Triangulating...Done. (1618points, 0.137593s, mean reproj err = 6.03809)
Triangulating...Done. (1618points, 0.135392s, mean reproj err = 5.83881)
0/1618 = 0% are in front of camera
P
[1, 0, 0, 0;
  0, 1, 0, 0;
  0, 0, 1, 0]
Testing P1 
[0.8572810348702703, 0.1157226730425801, -0.5016746856236996, -0.9720826015158436;
  0.1112794486330642, -0.9930273055164839, -0.03890571693970694, -0.05504828261739801;
  -0.5026789348716321, -0.02247294912892955, -0.8641810313781306, 0.2280901190561848]
test branch 2
Triangulating...Done. (1618points, 0.13069s, mean reproj err = 6.03809)
Triangulating...Done. (1618points, 0.130384s, mean reproj err = 5.83881)
1618/1618 = 100% are in front of camera
0/1618 = 0% are in front of camera
P
[1, 0, 0, 0;
  0, 1, 0, 0;
  0, 0, 1, 0]
Testing P1 
[0.9977049588839898, 0.006669150156255965, -0.06738202619755973, 0.9720826015158436;
  -0.006233032745910749, 0.9999582593911874, 0.006680477388237259, 0.05504828261739801;
  0.06742376673758083, -0.006245151042181313, 0.9977048831029025, -0.2280901190561848]
test branch 3
Triangulating...Done. (1618points, 0.130094s, mean reproj err = 6.07037)
Triangulating...Done. (1618points, 0.130436s, mean reproj err = 5.86867)
1618/1618 = 100% are in front of camera
1618/1618 = 100% are in front of camera
Done. (0.856711s)
begin triangulation
p query index 1
[1, 0, 0, 0;
  0, 1, 0, 0;
  0, 0, 1, 0]
p train index 0
[0.9977049588839898, 0.006669150156255965, -0.06738202619755973, 0.9720826015158436;
  -0.006233032745910749, 0.9999582593911874, 0.006680477388237259, 0.05504828261739801;
  0.06742376673758083, -0.006245151042181313, 0.9977048831029025, -0.2280901190561848]
getalign
triangulate points
Triangulating...Done. (1618points, 0.135091s, mean reproj err = 6.07037)
triangulation reproj error 6.07037
test triangulate
1618/1618 = 100% are in front of camera
1618/1618 = 100% are in front of camera
filtered out 0 high-error points
780/1618 points were found in other views, adding 838 new
 after 838
-----------------------------------------------------------------
=================================================================
=================================================================
-----------------------------------------------------------------
compute 3  0
matches1: 19294
matches1: 19294
matches2: 16577
matches2: 16577
symmatches: 0
symmatches: 883
symmatches: 883
matches: 0
symmatches: 883
matches: 1690
=========================== Baseline triangulation ===========================
Find camera matrices...
before fundamentalMat 1690
F keeping 1679 / 1690
1690 matches before, 1679 new matches after Fundamental Matrix
after fundamentalMat 1679
K
[1024, 0, 512;
  0, 1024, 384;
  0, 0, 1]
F
[1.144387877546394e-006, 3.687251936690155e-005, -0.02215312761276445;
  -2.859008740767104e-005, 1.965443004347192e-006, -0.07279703941695503;
  0.01871302154272873, 0.06747681575975084, 1]
det(F)
5.37337e-021
E
[1.199977663086088, 38.66363886766816, -7.585949268552197;
  -29.97887949358607, 2.060916363726362, -88.7607644733576;
  8.520043081202491, 89.20092240821633, -0.5860970301637636]
----------------------- SVD ------------------------
U:
[0.3976274632691152, 0.06085548775845557, 0.9155266299042583;
  0.3187524278235748, -0.9448153053353013, -0.07563682013899196;
  0.8604006567935344, 0.3219016129407274, -0.3950823475877058]
W:
[98.09751359736224; 93.49831267652253; 6.436037588236041e-013]
Vt:
[-0.01781947187833298, 0.9457852249508629, -0.324303522470267;
  0.3330556897452112, 0.3114455142960194, 0.8899862915535439;
  0.9427387623039156, -0.09215204766869614, -0.3205489450304703]
----------------------------------------------------
singular value ratio: 0.953116
P
[1, 0, 0, 0;
  0, 1, 0, 0;
  0, 0, 1, 0]
Testing P1 
[0.7295859402387276, -0.1506507222578437, -0.667089735859548, 0.9155266299042583;
  -0.1606319621455375, -0.9858962820552273, 0.04696694334268033, -0.07563682013899196;
  -0.6647568943179498, 0.07288951167945901, -0.7434953870360489, -0.3950823475877058]
test branch 1
Triangulating...Done. (1679points, 0.14593s, mean reproj err = 7.49842)
Triangulating...Done. (1679points, 0.142308s, mean reproj err = 7.87858)
0/1679 = 0% are in front of camera
P
[1, 0, 0, 0;
  0, 1, 0, 0;
  0, 0, 1, 0]
Testing P1 
[0.7295859402387276, -0.1506507222578437, -0.667089735859548, -0.9155266299042583;
  -0.1606319621455375, -0.9858962820552273, 0.04696694334268033, 0.07563682013899196;
  -0.6647568943179498, 0.07288951167945901, -0.7434953870360489, 0.3950823475877058]
test branch 2
Triangulating...Done. (1679points, 0.137353s, mean reproj err = 7.49842)
Triangulating...Done. (1679points, 0.137549s, mean reproj err = 7.87858)
1679/1679 = 100% are in front of camera
0/1679 = 0% are in front of camera
P
[1, 0, 0, 0;
  0, 1, 0, 0;
  0, 0, 1, 0]
Testing P1 
[0.9966189436257033, -0.01808458502395217, 0.08014754513332445, 0.9155266299042583;
  0.01802043774066318, 0.9998364577651413, 0.001523662459346278, -0.07563682013899196;
  -0.08016199242796851, -7.421702353371806e-005, 0.9967818464748502, -0.3950823475877058]
test branch 3
Triangulating...Done. (1679points, 0.136843s, mean reproj err = 7.55693)
Triangulating...Done. (1679points, 0.135937s, mean reproj err = 7.94488)
0/1679 = 0% are in front of camera
P
[1, 0, 0, 0;
  0, 1, 0, 0;
  0, 0, 1, 0]
Testing P1 
[0.9966189436257033, -0.01808458502395217, 0.08014754513332445, -0.9155266299042583;
  0.01802043774066318, 0.9998364577651413, 0.001523662459346278, 0.07563682013899196;
  -0.08016199242796851, -7.421702353371806e-005, 0.9967818464748502, 0.3950823475877058]
test branch 4
Triangulating...Done. (1679points, 0.136214s, mean reproj err = 7.55693)
Triangulating...Done. (1679points, 0.138072s, mean reproj err = 7.94488)
1679/1679 = 100% are in front of camera
1679/1679 = 100% are in front of camera
Done. (1.18054s)
begin triangulation
p query index 1
[1, 0, 0, 0;
  0, 1, 0, 0;
  0, 0, 1, 0]
p train index 0
[0.9966189436257033, -0.01808458502395217, 0.08014754513332445, -0.9155266299042583;
  0.01802043774066318, 0.9998364577651413, 0.001523662459346278, 0.07563682013899196;
  -0.08016199242796851, -7.421702353371806e-005, 0.9967818464748502, 0.3950823475877058]
getalign
triangulate points
Triangulating...Done. (1679points, 0.143556s, mean reproj err = 7.55693)
triangulation reproj error 7.55693
test triangulate
1679/1679 = 100% are in front of camera
1679/1679 = 100% are in front of camera
filtered out 0 high-error points
807/1679 points were found in other views, adding 872 new
 after 872
-----------------------------------------------------------------
=================================================================
=================================================================
-----------------------------------------------------------------
compute 0  4
matches1: 18063
matches1: 18063
matches2: 19294
matches2: 19294
symmatches: 0
symmatches: 583
symmatches: 583
matches: 0
symmatches: 583
matches: 1110
=========================== Baseline triangulation ===========================
Find camera matrices...
before fundamentalMat 1110
F keeping 1062 / 1110
1110 matches before, 1062 new matches after Fundamental Matrix
after fundamentalMat 1062
K
[1024, 0, 512;
  0, 1024, 384;
  0, 0, 1]
F
[3.142260080573388e-007, -1.162793946801331e-005, 0.005716120327486474;
  1.849369538221607e-005, 9.031088244139049e-007, 0.01489300145538919;
  -0.009230432466943217, -0.01842435150741395, 1]
det(F)
3.4031e-020
E
[0.3294898506247321, -12.19277825561153, 1.445760294804192;
  19.3920451291026, 0.9469782386686347, 25.30157289437057;
  -2.015200997424014, -24.60780823189691, -0.5899624191308259]
----------------------- SVD ------------------------
U:
[-0.03394827123915119, 0.4479669018723134, 0.8934053781496921;
  0.9785447217806966, 0.1966645341831489, -0.06142709882180819;
  -0.203218459680739, 0.8721517733866315, -0.4450320683091744]
W:
[32.12604368214115; 27.31027343349018; 4.264822773646754e-011]
Vt:
[0.6030721998990071, 0.1973895462577905, 0.7728785730870768;
  0.08069369761124351, -0.9790259962030388, 0.1870738515252013;
  0.7935946376298149, -0.05045260931598544, -0.6063514536458302]
----------------------------------------------------
singular value ratio: 0.850098
P
[1, 0, 0, 0;
  0, 1, 0, 0;
  0, 0, 1, 0]
Testing P1 
[0.9818975138571078, 0.01011311092521645, -0.1891427959734261, 0.8934053781496921;
  -0.009107694836648549, 0.9999394016562545, 0.006184085226984722, -0.06142709882180819;
  0.1891938745731302, -0.004349483043580397, 0.9819301196221962, -0.4450320683091744]
test branch 1
Triangulating...Done. (1062points, 0.0924173s, mean reproj err = 18.7167)
Triangulating...Done. (1062points, 0.0898691s, mean reproj err = 16.0725)
1062/1062 = 100% are in front of camera
1062/1062 = 100% are in front of camera
Done. (0.212281s)
begin triangulation
p query index 1
[1, 0, 0, 0;
  0, 1, 0, 0;
  0, 0, 1, 0]
p train index 0
[0.9818975138571078, 0.01011311092521645, -0.1891427959734261, 0.8934053781496921;
  -0.009107694836648549, 0.9999394016562545, 0.006184085226984722, -0.06142709882180819;
  0.1891938745731302, -0.004349483043580397, 0.9819301196221962, -0.4450320683091744]
getalign
triangulate points
Triangulating...Done. (1062points, 0.0909843s, mean reproj err = 18.7167)
triangulation reproj error 18.7167
test triangulate
1062/1062 = 100% are in front of camera
1062/1062 = 100% are in front of camera
filtered out 627 high-error points
210/435 points were found in other views, adding 225 new
 after 225
-----------------------------------------------------------------
=================================================================
=================================================================
-----------------------------------------------------------------
compute 4  0
matches1: 19294
matches1: 19294
matches2: 18063
matches2: 18063
symmatches: 0
symmatches: 583
symmatches: 583
matches: 0
symmatches: 583
matches: 1143
=========================== Baseline triangulation ===========================
Find camera matrices...
before fundamentalMat 1143
F keeping 1075 / 1143
1143 matches before, 1075 new matches after Fundamental Matrix
after fundamentalMat 1075
K
[1024, 0, 512;
  0, 1024, 384;
  0, 0, 1]
F
[8.023750838751228e-008, -7.145716146826755e-005, 0.02977439983556379;
  8.136446230954422e-005, -8.724401532380235e-006, -0.08016219618970788;
  -0.03244076301023985, 0.07757874094506445, 1]
det(F)
1.29437e-020
E
[0.08413512559494407, -74.92826454375012, 2.432953790508499;
  85.31682243069264, -9.148198061217137, -42.85825195587098;
  -1.183465348178395, 38.54592418291451, -0.6748017265354207]
----------------------- SVD ------------------------
U:
[0.2580506076049987, -0.8516007748120922, 0.4562740451243478;
  0.955173757452718, 0.2958068065946291, 0.0118922767350802;
  -0.1450964403021211, 0.4327521848722802, 0.8897598381023504]
W:
[97.07184505913618; 82.97199385386219; 1.765912778093842e-012]
Vt:
[0.84149855743249, -0.3468181662246562, -0.4142430897620437;
  0.2971303797056604, 0.937469357808569, -0.1812863498059337;
  0.4512136027371161, 0.029467995292453, 0.8919293256522268]
----------------------------------------------------
singular value ratio: 0.854748
P
[1, 0, 0, 0;
  0, 1, 0, 0;
  0, 0, 1, 0]
Testing P1 
[-0.5874184427977215, 0.06688156309604987, 0.8065149903001982, 0.4562740451243478;
  -0.0295241831783342, -0.9976868616598724, 0.06123110875140885, 0.0118922767350802;
  0.8087446418176456, 0.01215658624383501, 0.5880342861960892, 0.8897598381023504]
test branch 1
Triangulating...Done. (1075points, 0.0950321s, mean reproj err = 13.8181)
Triangulating...Done. (1075points, 0.0925683s, mean reproj err = 12.495)
1075/1075 = 100% are in front of camera
0/1075 = 0% are in front of camera
P
[1, 0, 0, 0;
  0, 1, 0, 0;
  0, 0, 1, 0]
Testing P1 
[-0.5874184427977215, 0.06688156309604987, 0.8065149903001982, -0.4562740451243478;
  -0.0295241831783342, -0.9976868616598724, 0.06123110875140885, -0.0118922767350802;
  0.8087446418176456, 0.01215658624383501, 0.5880342861960892, -0.8897598381023504]
test branch 2
Triangulating...Done. (1075points, 0.0890346s, mean reproj err = 13.8181)
Triangulating...Done. (1075points, 0.0885298s, mean reproj err = 12.495)
0/1075 = 0% are in front of camera
P
[1, 0, 0, 0;
  0, 1, 0, 0;
  0, 0, 1, 0]
Testing P1 
[0.9991725542697104, -0.03999060026846434, 0.007413412460548219, 0.4562740451243478;
  0.04025609723909886, 0.9983877447695642, -0.04001696801382935, 0.0118922767350802;
  -0.005801157575736293, 0.0402822911973926, 0.9991714985860385, 0.8897598381023504]
test branch 3
Triangulating...Done. (1075points, 0.0888127s, mean reproj err = 17.9496)
Triangulating...Done. (1075points, 0.088473s, mean reproj err = 15.4792)
0/1075 = 0% are in front of camera
P
[1, 0, 0, 0;
  0, 1, 0, 0;
  0, 0, 1, 0]
Testing P1 
[0.9991725542697104, -0.03999060026846434, 0.007413412460548219, -0.4562740451243478;
  0.04025609723909886, 0.9983877447695642, -0.04001696801382935, -0.0118922767350802;
  -0.005801157575736293, 0.0402822911973926, 0.9991714985860385, -0.8897598381023504]
test branch 4
Triangulating...Done. (1075points, 0.0878739s, mean reproj err = 17.9496)
Triangulating...Done. (1075points, 0.091279s, mean reproj err = 15.4792)
1075/1075 = 100% are in front of camera
1075/1075 = 100% are in front of camera
Done. (0.772772s)
begin triangulation
p query index 1
[1, 0, 0, 0;
  0, 1, 0, 0;
  0, 0, 1, 0]
p train index 0
[0.9991725542697104, -0.03999060026846434, 0.007413412460548219, -0.4562740451243478;
  0.04025609723909886, 0.9983877447695642, -0.04001696801382935, -0.0118922767350802;
  -0.005801157575736293, 0.0402822911973926, 0.9991714985860385, -0.8897598381023504]
getalign
triangulate points
Triangulating...Done. (1075points, 0.090306s, mean reproj err = 17.9496)
triangulation reproj error 17.9496
test triangulate
1075/1075 = 100% are in front of camera
1075/1075 = 100% are in front of camera
filtered out 499 high-error points
285/576 points were found in other views, adding 291 new
 after 291
-----------------------------------------------------------------
=================================================================
=================================================================
-----------------------------------------------------------------
compute 0  5
matches1: 17730
matches1: 17730
matches2: 19294
matches2: 19294
symmatches: 0
symmatches: 386
symmatches: 386
matches: 0
symmatches: 386
matches: 712
=========================== Baseline triangulation ===========================
Find camera matrices...
before fundamentalMat 712
F keeping 688 / 712
712 matches before, 688 new matches after Fundamental Matrix
after fundamentalMat 688
K
[1024, 0, 512;
  0, 1024, 384;
  0, 0, 1]
F
[8.024100473171171e-007, -2.285609392023002e-005, 0.0141343294144396;
  2.647599883418689e-005, 2.87329461127213e-006, 0.007741008310476666;
  -0.01653063760346601, -0.01142238277302686, 1]
det(F)
1.76049e-020
E
[0.8413879177755934, -23.96635153849911, 5.906865452336774;
  27.76209695355635, 3.012867770309285, 22.93766640057226;
  -6.095892589477771, -22.54987031496308, -0.294823811433929]
----------------------- SVD ------------------------
U:
[-0.1430274829781696, -0.7357302919531958, -0.6620000578666098;
  0.922639624016687, -0.3411708990408174, 0.179829201861174;
  -0.3581609460944561, -0.585066966380897, 0.7276107349005913]
W:
[37.245284321455; 32.7790361833436; 1.585460315260644e-011]
Vt:
[0.7431109806362909, 0.3835148870542467, 0.5483633848695031;
  -0.1990341855719276, 0.9090582181664353, -0.3660581223764681;
  -0.6388829810156862, 0.1628787505840896, 0.7518637171566908]
----------------------------------------------------
singular value ratio: 0.880086
P
[1, 0, 0, 0;
  0, 1, 0, 0;
  0, 0, 1, 0]
Testing P1 
[-0.1522560469237503, -0.2599689533077613, -0.9535377493792367, -0.6620000578666098;
  -0.1847808317669745, -0.9402868957125121, 0.2858611515453479, 0.179829201861174;
  -0.9709140746670932, 0.21971958735487, 0.0951270862895936, 0.7276107349005913]
test branch 1
Triangulating...Done. (688points, 0.0578878s, mean reproj err = 20.2793)
Triangulating...Done. (688points, 0.0574565s, mean reproj err = 18.5189)
688/688 = 100% are in front of camera
0/688 = 0% are in front of camera
P
[1, 0, 0, 0;
  0, 1, 0, 0;
  0, 0, 1, 0]
Testing P1 
[-0.1522560469237503, -0.2599689533077613, -0.9535377493792367, 0.6620000578666098;
  -0.1847808317669745, -0.9402868957125121, 0.2858611515453479, -0.179829201861174;
  -0.9709140746670932, 0.21971958735487, 0.0951270862895936, -0.7276107349005913]
test branch 2
Triangulating...Done. (688points, 0.0550123s, mean reproj err = 20.2793)
Triangulating...Done. (688points, 0.055163s, mean reproj err = 18.5189)
0/688 = 0% are in front of camera
P
[1, 0, 0, 0;
  0, 1, 0, 0;
  0, 0, 1, 0]
Testing P1 
[0.9981371877285031, 0.04431746868394451, -0.04192989915183043, -0.6620000578666098;
  -0.04499880135050235, 0.9988676071478762, -0.01544704721602158, 0.179829201861174;
  0.04119784400248538, 0.01730506746948907, 0.9990011372813463, 0.7276107349005913]
test branch 3
Triangulating...Done. (688points, 0.0556563s, mean reproj err = 22.7717)
Triangulating...Done. (688points, 0.0559138s, mean reproj err = 20.4082)
8/688 = 1.16279% are in front of camera
P
[1, 0, 0, 0;
  0, 1, 0, 0;
  0, 0, 1, 0]
Testing P1 
[0.9981371877285031, 0.04431746868394451, -0.04192989915183043, 0.6620000578666098;
  -0.04499880135050235, 0.9988676071478762, -0.01544704721602158, -0.179829201861174;
  0.04119784400248538, 0.01730506746948907, 0.9990011372813463, -0.7276107349005913]
test branch 4
Triangulating...Done. (688points, 0.0553968s, mean reproj err = 22.7717)
Triangulating...Done. (688points, 0.0576762s, mean reproj err = 20.4082)
680/688 = 98.8372% are in front of camera
680/688 = 98.8372% are in front of camera
Done. (0.482676s)
begin triangulation
p query index 1
[1, 0, 0, 0;
  0, 1, 0, 0;
  0, 0, 1, 0]
p train index 0
[0.9981371877285031, 0.04431746868394451, -0.04192989915183043, 0.6620000578666098;
  -0.04499880135050235, 0.9988676071478762, -0.01544704721602158, -0.179829201861174;
  0.04119784400248538, 0.01730506746948907, 0.9990011372813463, -0.7276107349005913]
getalign
triangulate points
Triangulating...Done. (688points, 0.057121s, mean reproj err = 22.7717)
triangulation reproj error 22.7717
test triangulate
680/688 = 98.8372% are in front of camera
680/688 = 98.8372% are in front of camera
filtered out 567 high-error points
59/121 points were found in other views, adding 62 new
 after 62
-----------------------------------------------------------------
=================================================================
=================================================================
-----------------------------------------------------------------
compute 5  0
matches1: 19294
matches1: 19294
matches2: 17730
matches2: 17730
symmatches: 0
symmatches: 386
symmatches: 386
matches: 0
symmatches: 386
matches: 748
=========================== Baseline triangulation ===========================
Find camera matrices...
before fundamentalMat 748
F keeping 681 / 748
748 matches before, 681 new matches after Fundamental Matrix
after fundamentalMat 681
K
[1024, 0, 512;
  0, 1024, 384;
  0, 0, 1]
F
[-5.080076635199314e-006, 0.0002325192746409884, -0.09957427489066656;
  -0.0002176929504509101, 9.695293521633537e-006, -0.002227328191375042;
  0.0960617595073428, -0.004318272468088857, 1]
det(F)
-9.23919e-021
E
[-5.326846437830756, 243.814130925949, -13.19718160972705;
  -228.2676032120135, 10.16625209974041, -112.6022411365721;
  10.1034673120986, 121.2974989930542, -0.2990269910646788]
----------------------- SVD ------------------------
U:
[0.8428969588216563, -0.3002188314610169, 0.4465348475151572;
  0.3584925371035134, 0.9321946555796934, -0.04996223523565727;
  0.4012577945040934, -0.2021924265269069, -0.8933702507946367]
W:
[275.5106561640806; 251.8843355041267; 1.464461657822375e-013]
Vt:
[-0.298602315465717, 0.9358123765440289, -0.1873281962373255;
  -0.8465530986223725, -0.3503437523498674, -0.4007581644861085;
  -0.4406637135178848, 0.03891594912670503, 0.8968283227531319]
----------------------------------------------------
singular value ratio: 0.914245
det(R) == -1 [-1]: flip E's sign
----------------------- SVD ------------------------
U:
[-0.8428969588216563, 0.3002188314610169, -0.4465348475151572;
  -0.3584925371035134, -0.9321946555796934, 0.04996223523565727;
  -0.4012577945040934, 0.2021924265269069, 0.8933702507946367]
W:
[275.5106561640806; 251.8843355041267; 1.464461657822375e-013]
Vt:
[-0.298602315465717, 0.9358123765440289, -0.1873281962373255;
  -0.8465530986223725, -0.3503437523498674, -0.4007581644861085;
  -0.4406637135178848, 0.03891594912670503, 0.8968283227531319]
----------------------------------------------------
singular value ratio: 0.914245
P
[1, 0, 0, 0;
  0, 1, 0, 0;
  0, 0, 1, 0]
Testing P1 
[-0.6064313664093474, -0.03173251265426609, -0.7945023885902038, -0.4465348475151572;
  -0.04714402961171092, -0.996010588873257, 0.0757650798476386, 0.04996223523565727;
  -0.7937370082759545, 0.08340236503238843, 0.6025160638523608, 0.8933702507946367]
test branch 1
Triangulating...Done. (681points, 0.058493s, mean reproj err = 7.51406)
Triangulating...Done. (681points, 0.0580251s, mean reproj err = 8.12795)
681/681 = 100% are in front of camera
0/681 = 0% are in front of camera
P
[1, 0, 0, 0;
  0, 1, 0, 0;
  0, 0, 1, 0]
Testing P1 
[-0.6064313664093474, -0.03173251265426609, -0.7945023885902038, 0.4465348475151572;
  -0.04714402961171092, -0.996010588873257, 0.0757650798476386, -0.04996223523565727;
  -0.7937370082759545, 0.08340236503238843, 0.6025160638523608, -0.8933702507946367]
test branch 2
Triangulating...Done. (681points, 0.0566223s, mean reproj err = 7.51406)
Triangulating...Done. (681points, 0.0570559s, mean reproj err = 8.12795)
0/681 = 0% are in front of camera
P
[1, 0, 0, 0;
  0, 1, 0, 0;
  0, 0, 1, 0]
Testing P1 
[0.9999747746516906, -0.00302214216413561, -0.006427808105484101, -0.4465348475151572;
  0.003110941382513232, 0.9998992444826317, 0.01385001540714527, 0.04996223523565727;
  0.00638530375281704, -0.01386966256991682, 0.9998834233830369, 0.8933702507946367]
test branch 3
Triangulating...Done. (681points, 0.0564882s, mean reproj err = 8.4864)
Triangulating...Done. (681points, 0.0555408s, mean reproj err = 9.30969)
680/681 = 99.8532% are in front of camera
680/681 = 99.8532% are in front of camera
Done. (0.372725s)
begin triangulation
p query index 1
