hello world
P1000965.JPG
P1000966.JPG
P1000967.JPG
P1000968.JPG
P1000969.JPG
P1000970.JPG
P1000971.JPG
F keeping 10019 / 12112
12112 matches before, 10019 new matches after Fundamental Matrix
=========================== Baseline triangulation ===========================
Find camera matrices...
before fundamentalMat 12112
F keeping 10019 / 12112
12112 matches before, 10019 new matches after Fundamental Matrix
after fundamentalMat 10019
K
[1024, 0, 512;
  0, 1024, 384;
  0, 0, 1]
F
[2.709787199298531e-006, -3.485581720325174e-005, 0.02290610327979298;
  3.817622808085591e-005, 5.47135660734347e-006, 0.01663800339659516;
  -0.02369573205494628, -0.02177173438833913, 1]
det(F)
-4.60905e-021
E
[2.841417822291657, -36.5489733797169, 11.17069365226001;
  40.03067653611157, 5.737133225901786, 39.2040787058824;
  -7.832217012077326, -38.41731774380455, 0.7943155235811794]
----------------------- SVD ------------------------
U:
[-0.06314508051038122, 0.7132327261701534, -0.6980771999766419;
  0.9464247722376284, 0.2647543097822431, 0.184892687650651;
  -0.3166904629165372, 0.6490024913446937, 0.6917390526246803]
W:
[57.5999611502596; 53.4894792869083; 1.646073949191703e-012]
Vt:
[0.6976912830277448, 0.3455566742767238, 0.6275487697780228;
  0.1409951650860692, -0.9250777678369386, 0.3526350618928571;
  0.7023868143761323, -0.1575490663781837, -0.6941405150788355]
----------------------------------------------------
singular value ratio: 0.928637
det(R) == -1 [-1]: flip E's sign
----------------------- SVD ------------------------
U:
[0.06314508051038122, -0.7132327261701534, 0.6980771999766419;
  -0.9464247722376284, -0.2647543097822431, -0.184892687650651;
  0.3166904629165372, -0.6490024913446937, -0.6917390526246803]
W:
[57.5999611502596; 53.4894792869083; 1.646073949191703e-012]
Vt:
[0.6976912830277448, 0.3455566742767238, 0.6275487697780228;
  0.1409951650860692, -0.9250777678369386, 0.3526350618928571;
  0.7023868143761323, -0.1575490663781837, -0.6941405150788355]
----------------------------------------------------
singular value ratio: 0.928637
P
[1, 0, 0, 0;
  0, 1, 0, 0;
  0, 0, 1, 0]
Testing P1 
[-0.01619918618976107, -0.2980296298284688, -0.9544191564040903, 0.6980771999766419;
  -0.1811416429562903, -0.9378744641964366, 0.2959378221778062, -0.184892687650651;
  -0.9833235945271959, 0.1776790059420441, -0.03879277372864382, -0.6917390526246803]
test branch 1
Triangulating...Done. (10019points, 0.849779s, mean reproj err = 10.3178)
Triangulating...Done. (10019points, 0.837079s, mean reproj err = 9.94085)
0/10019 = 0% are in front of camera
P
[1, 0, 0, 0;
  0, 1, 0, 0;
  0, 0, 1, 0]
Testing P1 
[-0.01619918618976107, -0.2980296298284688, -0.9544191564040903, -0.6980771999766419;
  -0.1811416429562903, -0.9378744641964366, 0.2959378221778062, 0.184892687650651;
  -0.9833235945271959, 0.1776790059420441, -0.03879277372864382, 0.6917390526246803]
test branch 2
Triangulating...Done. (10019points, 0.80813s, mean reproj err = 10.3178)
Triangulating...Done. (10019points, 0.81128s, mean reproj err = 9.94085)
10019/10019 = 100% are in front of camera
0/10019 = 0% are in front of camera
P
[1, 0, 0, 0;
  0, 1, 0, 0;
  0, 0, 1, 0]
Testing P1 
[0.9968396275501685, 0.07806680759603565, -0.01470817790906448, 0.6980771999766419;
  -0.07859072880447368, 0.996133804835463, -0.03925481129753999, -0.184892687650651;
  0.01158681542197004, 0.04028667789465122, 0.9991209783067263, -0.6917390526246803]
test branch 3
Triangulating...Done. (10019points, 0.811229s, mean reproj err = 12.4215)
Triangulating...Done. (10019points, 0.813779s, mean reproj err = 11.8159)
9988/10019 = 99.6906% are in front of camera
9988/10019 = 99.6906% are in front of camera
Done. (5.25907s)
begin triangulation
p query index 1
[1, 0, 0, 0;
  0, 1, 0, 0;
  0, 0, 1, 0]
p train index 0
[0.9968396275501685, 0.07806680759603565, -0.01470817790906448, 0.6980771999766419;
  -0.07859072880447368, 0.996133804835463, -0.03925481129753999, -0.184892687650651;
  0.01158681542197004, 0.04028667789465122, 0.9991209783067263, -0.6917390526246803]
getalign
triangulate points
Triangulating...Done. (10019points, 0.847797s, mean reproj err = 12.4215)
triangulation reproj error 12.4215
test triangulate
9988/10019 = 99.6906% are in front of camera
9988/10019 = 99.6906% are in front of camera
filtered out 3130 high-error points
0/6889 points were found in other views, adding 6889 new
 after 6889
F keeping 10616 / 12135
12135 matches before, 10616 new matches after Fundamental Matrix
=========================== Baseline triangulation ===========================
Find camera matrices...
before fundamentalMat 12135
F keeping 10616 / 12135
12135 matches before, 10616 new matches after Fundamental Matrix
after fundamentalMat 10616
K
[1024, 0, 512;
  0, 1024, 384;
  0, 0, 1]
F
[-2.328095830344001e-006, -4.117641752963513e-005, 0.02156442995084731;
  4.236134614536404e-005, 2.045927260616789e-006, -0.1587143683348973;
  -0.01329622188738364, 0.1554579550163526, 1]
det(F)
-3.17373e-020
E
[-2.441185413398792, -43.17660318755469, 4.670157367635245;
  44.41909089572124, 2.14531022322851, -139.5094763933635;
  1.821235166515226, 138.4051356766784, 3.907214156245274]
----------------------- SVD ------------------------
U:
[0.0967245842713961, 0.2836723302903658, -0.9540305885165104;
  -0.9792693076943495, 0.1985225290253742, -0.04025454604388139;
  -0.1779774643188151, -0.938146478166924, -0.2969936155839749]
W:
[146.6095608580868; 144.957725841214; 1.643456003002239e-012]
Vt:
[-0.300515966306028, -0.210832570305661, 0.9301826601767325;
  0.04426882466675927, -0.9772946216033266, -0.2072088167714757;
  0.9527488783293204, -0.02109146470778522, 0.303025947665711]
----------------------------------------------------
singular value ratio: 0.988733
det(R) == -1 [-1]: flip E's sign
----------------------- SVD ------------------------
U:
[-0.0967245842713961, -0.2836723302903658, 0.9540305885165104;
  0.9792693076943495, -0.1985225290253742, 0.04025454604388139;
  0.1779774643188151, 0.938146478166924, 0.2969936155839749]
W:
[146.6095608580868; 144.957725841214; 1.643456003002239e-012]
Vt:
[-0.300515966306028, -0.210832570305661, 0.9301826601767325;
  0.04426882466675927, -0.9772946216033266, -0.2072088167714757;
  0.9527488783293204, -0.02109146470778522, 0.303025947665711]
----------------------------------------------------
singular value ratio: 0.988733
P
[1, 0, 0, 0;
  0, 1, 0, 0;
  0, 0, 1, 0]
Testing P1 
[0.9984815212145343, -0.05484295195338243, 0.005186753719677528, 0.9540305885165104;
  0.05466056195068091, 0.9980406152316882, 0.03044919235693328, 0.04025454604388139;
  -0.006846514466892772, -0.03011944503128723, 0.9995228583032313, 0.2969936155839749]
test branch 1
Triangulating...Done. (10616points, 0.897591s, mean reproj err = 1.18812)
Triangulating...Done. (10616points, 0.885954s, mean reproj err = 1.17682)
68/10616 = 0.640543% are in front of camera
P
[1, 0, 0, 0;
  0, 1, 0, 0;
  0, 0, 1, 0]
Testing P1 
[0.9984815212145343, -0.05484295195338243, 0.005186753719677528, -0.9540305885165104;
  0.05466056195068091, 0.9980406152316882, 0.03044919235693328, -0.04025454604388139;
  -0.006846514466892772, -0.03011944503128723, 0.9995228583032313, -0.2969936155839749]
test branch 2
Triangulating...Done. (10616points, 0.856469s, mean reproj err = 1.18812)
Triangulating...Done. (10616points, 0.860275s, mean reproj err = 1.17682)
10548/10616 = 99.3595% are in front of camera
10548/10616 = 99.3595% are in front of camera
Done. (3.75803s)
begin triangulation
p query index 1
[1, 0, 0, 0;
  0, 1, 0, 0;
  0, 0, 1, 0]
p train index 0
[0.9984815212145343, -0.05484295195338243, 0.005186753719677528, -0.9540305885165104;
  0.05466056195068091, 0.9980406152316882, 0.03044919235693328, -0.04025454604388139;
  -0.006846514466892772, -0.03011944503128723, 0.9995228583032313, -0.2969936155839749]
getalign
triangulate points
Triangulating...Done. (10616points, 0.89372s, mean reproj err = 1.18812)
triangulation reproj error 1.18812
test triangulate
10548/10616 = 99.3595% are in front of camera
10548/10616 = 99.3595% are in front of camera
filtered out 79 high-error points
0/10537 points were found in other views, adding 10537 new
 after 10537
F keeping 8968 / 11131
11131 matches before, 8968 new matches after Fundamental Matrix
=========================== Baseline triangulation ===========================
Find camera matrices...
before fundamentalMat 11131
F keeping 8968 / 11131
11131 matches before, 8968 new matches after Fundamental Matrix
after fundamentalMat 8968
K
[1024, 0, 512;
  0, 1024, 384;
  0, 0, 1]
F
[-2.558920749302725e-006, 7.571357139341071e-005, -0.0498777191556628;
  -8.132664231118005e-005, -8.82031430118864e-006, -0.1482333523514637;
  0.04962334348893956, 0.1557184261267864, 1]
det(F)
-2.96462e-021
E
[-2.683222883620854, 79.39143383741703, -22.64460816817775;
  -85.27716528808793, -9.24876988868318, -197.897824160199;
  17.4937553078307, 195.6830965642816, 0.6690393548595353]
----------------------- SVD ------------------------
U:
[0.09514194150602535, -0.3811485846321989, -0.919605223669013;
  -0.8735106345395854, -0.4750114540585416, 0.1065048818573166;
  0.477417199431184, -0.7931518612132621, 0.3781308539926667]
W:
[219.0093939096437; 209.7081303884193; 7.032638919679776e-014]
Vt:
[0.3770936119231736, 0.4979459008554997, 0.7809291182098026;
  0.1318743925311441, -0.8634528042309509, 0.4868864338428918;
  0.9167385409380784, -0.08061721086040963, -0.3912688498613346]
----------------------------------------------------
singular value ratio: 0.95753
det(R) == -1 [-1]: flip E's sign
----------------------- SVD ------------------------
U:
[-0.09514194150602535, 0.3811485846321989, 0.919605223669013;
  0.8735106345395854, 0.4750114540585416, -0.1065048818573166;
  -0.477417199431184, 0.7931518612132621, -0.3781308539926667]
W:
[219.0093939096437; 209.7081303884193; 7.032638919679776e-014]
Vt:
[0.3770936119231736, 0.4979459008554997, 0.7809291182098026;
  0.1318743925311441, -0.8634528042309509, 0.4868864338428918;
  0.9167385409380784, -0.08061721086040963, -0.3912688498613346]
----------------------------------------------------
singular value ratio: 0.95753
P
[1, 0, 0, 0;
  0, 1, 0, 0;
  0, 0, 1, 0]
Testing P1 
[0.9993130331840682, 0.03350479091626525, -0.01583952947895501, 0.919605223669013;
  -0.03370702938024678, 0.9993513398449782, -0.01267815918839765, -0.1065048818573166;
  0.0154044759344974, 0.01320335319926465, 0.9997941656088413, -0.3781308539926667]
test branch 1
Triangulating...Done. (8968points, 0.758557s, mean reproj err = 14.7287)
Triangulating...Done. (8968points, 0.750492s, mean reproj err = 20.4188)
8790/8968 = 98.0152% are in front of camera
8792/8968 = 98.0375% are in front of camera
Done. (1.71449s)
begin triangulation
p query index 1
[1, 0, 0, 0;
  0, 1, 0, 0;
  0, 0, 1, 0]
p train index 0
[0.9993130331840682, 0.03350479091626525, -0.01583952947895501, 0.919605223669013;
  -0.03370702938024678, 0.9993513398449782, -0.01267815918839765, -0.1065048818573166;
  0.0154044759344974, 0.01320335319926465, 0.9997941656088413, -0.3781308539926667]
getalign
triangulate points
Triangulating...Done. (8968points, 0.750937s, mean reproj err = 14.7287)
triangulation reproj error 14.7287
test triangulate
8792/8968 = 98.0375% are in front of camera
8790/8968 = 98.0152% are in front of camera
filtered out 588 high-error points
0/8380 points were found in other views, adding 8380 new
 after 8380
F keeping 8889 / 11155
11155 matches before, 8889 new matches after Fundamental Matrix
=========================== Baseline triangulation ===========================
Find camera matrices...
before fundamentalMat 11155
F keeping 8889 / 11155
11155 matches before, 8889 new matches after Fundamental Matrix
after fundamentalMat 8889
K
[1024, 0, 512;
  0, 1024, 384;
  0, 0, 1]
F
[-1.683468615178908e-007, -3.321943113948471e-005, -0.0009422487657291456;
  2.245985426744667e-005, 1.706643310787894e-005, 0.3831476284360196;
  -0.001263216317621569, -0.3876668399801191, 1]
det(F)
-1.83634e-022
E
[-0.1765244786629838, -34.83309822651632, -14.11553681038176;
  23.55086414834216, 17.89545216252727, 410.8293981536028;
  7.449778307052334, -407.6765986919524, -1.507577404577774]
----------------------- SVD ------------------------
U:
[-0.08031816931598325, 0.04109676396510986, -0.9959217076002135;
  0.7553546246751879, 0.6544382224097693, -0.03391170934865274;
  -0.6503755704664308, 0.754997794063491, 0.08360591067458929]
W:
[420.7170914749483; 400.4040698072831; 1.382742575455752e-015]
Vt:
[0.03080045645587232, 0.6689959818036735, 0.7426275703289297;
  0.05252168711179611, -0.7430368841167175, 0.6671863766782489;
  0.998144681028277, 0.01845440794657976, -0.05802267282968539]
----------------------------------------------------
singular value ratio: 0.951718
det(R) == -1 [-1]: flip E's sign
----------------------- SVD ------------------------
U:
[0.08031816931598325, -0.04109676396510986, 0.9959217076002135;
  -0.7553546246751879, -0.6544382224097693, 0.03391170934865274;
  0.6503755704664308, -0.754997794063491, -0.08360591067458929]
W:
[420.7170914749483; 400.4040698072831; 1.382742575455752e-015]
Vt:
[0.03080045645587232, 0.6689959818036735, 0.7426275703289297;
  0.05252168711179611, -0.7430368841167175, 0.6671863766782489;
  0.998144681028277, 0.01845440794657976, -0.05802267282968539]
----------------------------------------------------
singular value ratio: 0.951718
P
[1, 0, 0, 0;
  0, 1, 0, 0;
  0, 0, 1, 0]
Testing P1 
[0.988589710314561, 0.05056493778362331, -0.1418928177432208, 0.9959217076002135;
  0.05336429559418246, -0.9984470673341928, 0.01599080008901425, 0.03391170934865274;
  -0.1408638939398925, -0.02338035069643758, -0.9897528593469193, -0.08360591067458929]
test branch 1
Triangulating...Done. (8889points, 0.753162s, mean reproj err = 16.6156)
Triangulating...Done. (8889points, 0.746174s, mean reproj err = 16.4855)
2509/8889 = 28.2259% are in front of camera
P
[1, 0, 0, 0;
  0, 1, 0, 0;
  0, 0, 1, 0]
Testing P1 
[0.988589710314561, 0.05056493778362331, -0.1418928177432208, -0.9959217076002135;
  0.05336429559418246, -0.9984470673341928, 0.01599080008901425, -0.03391170934865274;
  -0.1408638939398925, -0.02338035069643758, -0.9897528593469193, 0.08360591067458929]
test branch 2
Triangulating...Done. (8889points, 0.71959s, mean reproj err = 16.6156)
Triangulating...Done. (8889points, 0.718366s, mean reproj err = 16.4855)
6380/8889 = 71.7741% are in front of camera
P
[1, 0, 0, 0;
  0, 1, 0, 0;
  0, 0, 1, 0]
Testing P1 
[0.999558200008943, -0.01380664683380598, 0.02632073893508323, 0.9959217076002135;
  0.01433328902768681, 0.9996987083711646, -0.01992609612227877, 0.03391170934865274;
  -0.02603769614484056, 0.02029455553176922, 0.9994549361503186, -0.08360591067458929]
test branch 3
Triangulating...Done. (8889points, 0.716985s, mean reproj err = 13.2541)
Triangulating...Done. (8889points, 0.714584s, mean reproj err = 13.3243)
55/8889 = 0.618742% are in front of camera
P
[1, 0, 0, 0;
  0, 1, 0, 0;
  0, 0, 1, 0]
Testing P1 
[0.999558200008943, -0.01380664683380598, 0.02632073893508323, -0.9959217076002135;
  0.01433328902768681, 0.9996987083711646, -0.01992609612227877, -0.03391170934865274;
  -0.02603769614484056, 0.02029455553176922, 0.9994549361503186, 0.08360591067458929]
test branch 4
Triangulating...Done. (8889points, 0.717476s, mean reproj err = 13.2541)
Triangulating...Done. (8889points, 0.719293s, mean reproj err = 13.3243)
8834/8889 = 99.3813% are in front of camera
8834/8889 = 99.3813% are in front of camera
Done. (6.12596s)
begin triangulation
p query index 1
[1, 0, 0, 0;
  0, 1, 0, 0;
  0, 0, 1, 0]
p train index 0
[0.999558200008943, -0.01380664683380598, 0.02632073893508323, -0.9959217076002135;
  0.01433328902768681, 0.9996987083711646, -0.01992609612227877, -0.03391170934865274;
  -0.02603769614484056, 0.02029455553176922, 0.9994549361503186, 0.08360591067458929]
getalign
triangulate points
Triangulating...Done. (8889points, 0.745324s, mean reproj err = 13.2541)
triangulation reproj error 13.2541
test triangulate
8834/8889 = 99.3813% are in front of camera
8834/8889 = 99.3813% are in front of camera
filtered out 588 high-error points
0/8301 points were found in other views, adding 8301 new
 after 8301
F keeping 7361 / 10045
10045 matches before, 7361 new matches after Fundamental Matrix
=========================== Baseline triangulation ===========================
Find camera matrices...
before fundamentalMat 10045
F keeping 7361 / 10045
10045 matches before, 7361 new matches after Fundamental Matrix
after fundamentalMat 7361
K
[1024, 0, 512;
  0, 1024, 384;
  0, 0, 1]
F
[-2.063356327139375e-009, 1.309481156203717e-005, -0.003331872855217251;
  -7.626457472459204e-006, 1.517821293666535e-006, 0.05630044868763612;
  0.001964988475466639, -0.06105315585460314, 1]
det(F)
-1.07533e-023
E
[-0.002163585924086497, 13.73090512847469, 1.7361698264735;
  -7.996920270641382, 1.591550980827681, 54.25003093862907;
  -0.9877786955747232, -55.05614741306589, -0.2264912335060316]
----------------------- SVD ------------------------
U:
[0.2319598581224859, -0.07215594990333792, -0.9700454335304831;
  0.4092867832026179, 0.911911203965812, 0.03003806214250112;
  -0.8824278742851734, 0.403994399682929, -0.2410592701170815]
W:
[57.21630029479608; 54.40223363752317; 3.855525064411794e-015]
Vt:
[-0.04197915928165795, 0.9161637233568338, 0.3985997769579751;
  -0.141379896068365, -0.4003840853227559, 0.9053752311654865;
  0.9890649499267996, -0.01834710400042813, 0.1463349192814003]
----------------------------------------------------
singular value ratio: 0.950817
det(R) == -1 [-1]: flip E's sign
----------------------- SVD ------------------------
U:
[-0.2319598581224859, 0.07215594990333792, 0.9700454335304831;
  -0.4092867832026179, -0.911911203965812, -0.03003806214250112;
  0.8824278742851734, -0.403994399682929, 0.2410592701170815]
W:
[57.21630029479608; 54.40223363752317; 3.855525064411794e-015]
Vt:
[-0.04197915928165795, 0.9161637233568338, 0.3985997769579751;
  -0.141379896068365, -0.4003840853227559, 0.9053752311654865;
  0.9890649499267996, -0.01834710400042813, 0.1463349192814003]
----------------------------------------------------
singular value ratio: 0.950817
P
[1, 0, 0, 0;
  0, 1, 0, 0;
  0, 0, 1, 0]
Testing P1 
[0.9236144313940465, -0.04456389635430066, 0.3807235759213947, 0.9700454335304831;
  -0.04929325161820322, -0.998780766873305, 0.002674896049804689, -0.03003806214250112;
  0.3801401813351956, -0.02123767561895353, -0.9246850294390778, 0.2410592701170815]
test branch 1
Triangulating...Done. (7361points, 0.620044s, mean reproj err = 11.6868)
Triangulating...Done. (7361points, 0.618821s, mean reproj err = 13.0087)
7071/7361 = 96.0603% are in front of camera
290/7361 = 3.93968% are in front of camera
P
[1, 0, 0, 0;
  0, 1, 0, 0;
  0, 0, 1, 0]
Testing P1 
[0.9236144313940465, -0.04456389635430066, 0.3807235759213947, -0.9700454335304831;
  -0.04929325161820322, -0.998780766873305, 0.002674896049804689, 0.03003806214250112;
  0.3801401813351956, -0.02123767561895353, -0.9246850294390778, -0.2410592701170815]
test branch 2
Triangulating...Done. (7361points, 0.597473s, mean reproj err = 11.6868)
Triangulating...Done. (7361points, 0.600384s, mean reproj err = 13.0087)
290/7361 = 3.93968% are in front of camera
P
[1, 0, 0, 0;
  0, 1, 0, 0;
  0, 0, 1, 0]
Testing P1 
[0.9952614448890492, 0.008968847446052333, -0.0968205354914462, 0.9700454335304831;
  -0.01012593723953871, 0.9998829897735045, -0.01146613084778987, -0.03003806214250112;
  0.09670636852028852, 0.01239219662074274, 0.9952358071083107, 0.2410592701170815]
test branch 3
Triangulating...Done. (7361points, 0.595631s, mean reproj err = 8.62739)
Triangulating...Done. (7361points, 0.597789s, mean reproj err = 8.87633)
7334/7361 = 99.6332% are in front of camera
7334/7361 = 99.6332% are in front of camera
Done. (3.90305s)
begin triangulation
p query index 1
[1, 0, 0, 0;
  0, 1, 0, 0;
  0, 0, 1, 0]
p train index 0
[0.9952614448890492, 0.008968847446052333, -0.0968205354914462, 0.9700454335304831;
  -0.01012593723953871, 0.9998829897735045, -0.01146613084778987, -0.03003806214250112;
  0.09670636852028852, 0.01239219662074274, 0.9952358071083107, 0.2410592701170815]
getalign
triangulate points
Triangulating...Done. (7361points, 0.614306s, mean reproj err = 8.62739)
triangulation reproj error 8.62739
test triangulate
7334/7361 = 99.6332% are in front of camera
7334/7361 = 99.6332% are in front of camera
filtered out 38 high-error points
0/7323 points were found in other views, adding 7323 new
 after 7323
F keeping 7367 / 10174
10174 matches before, 7367 new matches after Fundamental Matrix
=========================== Baseline triangulation ===========================
Find camera matrices...
before fundamentalMat 10174
F keeping 7367 / 10174
10174 matches before, 7367 new matches after Fundamental Matrix
after fundamentalMat 7367
K
[1024, 0, 512;
  0, 1024, 384;
  0, 0, 1]
F
[-6.37976180842631e-007, -2.734145567516026e-005, 0.01292127651740576;
  4.439633321389807e-005, -6.932062710504853e-006, -0.2772837828573306;
  -0.014120119881126, 0.2699283795695989, 1]
det(F)
-6.85567e-021
E
[-0.6689665118032426, -28.66959422603684, 2.145806063158062;
  46.55292949609638, -7.268794588730337, -263.3879268686322;
  2.663862546861498, 259.346065595477, -0.2745731685685655]
----------------------- SVD ------------------------
U:
[-0.03297462727392567, 0.1053425836055855, -0.9938891356863933;
  -0.9303684591276615, -0.3665389634811276, -0.007982387525128849;
  0.3651399789348825, -0.9244198874588758, -0.1100939028918167]
W:
[268.7792086565406; 259.7027118850486; 1.080841168909116e-013]
Vt:
[-0.1574401377957931, 0.3810028455890236, 0.911070488306974;
  -0.07545728174628262, -0.9245205478228974, 0.3735879485271334;
  0.9846414584214418, -0.009929164431943085, 0.1743060815100254]
----------------------------------------------------
singular value ratio: 0.966231
det(R) == -1 [-1]: flip E's sign
----------------------- SVD ------------------------
U:
[0.03297462727392567, -0.1053425836055855, 0.9938891356863933;
  0.9303684591276615, 0.3665389634811276, 0.007982387525128849;
  -0.3651399789348825, 0.9244198874588758, 0.1100939028918167]
W:
[268.7792086565406; 259.7027118850486; 1.080841168909116e-013]
Vt:
[-0.1574401377957931, 0.3810028455890236, 0.911070488306974;
  -0.07545728174628262, -0.9245205478228974, 0.3735879485271334;
  0.9846414584214418, -0.009929164431943085, 0.1743060815100254]
----------------------------------------------------
singular value ratio: 0.966231
P
[1, 0, 0, 0;
  0, 1, 0, 0;
  0, 0, 1, 0]
Testing P1 
[0.997697774690792, -0.01951859229923408, 0.06494747825510934, 0.9938891356863933;
  0.02035491972468288, 0.9997178871771149, -0.01224023288697043, 0.007982387525128849;
  -0.06469024362331106, 0.01353405381923067, 0.9978136107345772, 0.1100939028918167]
test branch 1
Triangulating...Done. (7367points, 0.628509s, mean reproj err = 5.97595)
Triangulating...Done. (7367points, 0.621194s, mean reproj err = 5.8801)
57/7367 = 0.773721% are in front of camera
P
[1, 0, 0, 0;
  0, 1, 0, 0;
  0, 0, 1, 0]
Testing P1 
[0.997697774690792, -0.01951859229923408, 0.06494747825510934, -0.9938891356863933;
  0.02035491972468288, 0.9997178871771149, -0.01224023288697043, -0.007982387525128849;
  -0.06469024362331106, 0.01353405381923067, 0.9978136107345772, -0.1100939028918167]
test branch 2
Triangulating...Done. (7367points, 0.598106s, mean reproj err = 5.97595)
Triangulating...Done. (7367points, 0.598281s, mean reproj err = 5.8801)
7310/7367 = 99.2263% are in front of camera
7310/7367 = 99.2263% are in front of camera
Done. (2.6748s)
begin triangulation
p query index 1
[1, 0, 0, 0;
  0, 1, 0, 0;
  0, 0, 1, 0]
p train index 0
[0.997697774690792, -0.01951859229923408, 0.06494747825510934, -0.9938891356863933;
  0.02035491972468288, 0.9997178871771149, -0.01224023288697043, -0.007982387525128849;
  -0.06469024362331106, 0.01353405381923067, 0.9978136107345772, -0.1100939028918167]
getalign
triangulate points
Triangulating...Done. (7367points, 0.616871s, mean reproj err = 5.97595)
triangulation reproj error 5.97595
test triangulate
7310/7367 = 99.2263% are in front of camera
7310/7367 = 99.2263% are in front of camera
filtered out 57 high-error points
0/7310 points were found in other views, adding 7310 new
 after 7310
F keeping 6408 / 10044
10044 matches before, 6408 new matches after Fundamental Matrix
=========================== Baseline triangulation ===========================
Find camera matrices...
before fundamentalMat 10044
F keeping 6408 / 10044
10044 matches before, 6408 new matches after Fundamental Matrix
after fundamentalMat 6408
K
[1024, 0, 512;
  0, 1024, 384;
  0, 0, 1]
F
[-4.301056118333394e-007, 8.218594685775532e-005, -0.03472659979728762;
  -0.0001002270837688564, 9.570659834605735e-006, -0.1394482238851834;
  0.04392190653807326, 0.1404866627598226, 1]
det(F)
9.74088e-021
E
[-0.4509984220337557, 86.17821141231764, -3.468708123820292;
  -105.0957145900123, 10.03556420673154, -191.5795019759096;
  5.339640112715514, 190.7107849497415, 3.858227344389121]
----------------------- SVD ------------------------
U:
[-0.1307654278193058, -0.3899861230122227, 0.9114884676972767;
  -0.9638506718346853, 0.2652889626999344, -0.02477193317886876;
  -0.2321471199284184, -0.881778084399634, -0.4105790113747319]
W:
[219.5682735946595; 208.545489548211; 2.355151009382778e-013]
Vt:
[0.4559673690714246, -0.2970141103932663, 0.8389734063540868;
  -0.1554252152942377, -0.9547584711469332, -0.2535335564060716;
  0.8763200104943529, -0.01479459362292588, -0.4815021902408226]
----------------------------------------------------
singular value ratio: 0.949798
P
[1, 0, 0, 0;
  0, 1, 0, 0;
  0, 0, 1, 0]
Testing P1 
[0.6006103923218523, -0.02250312002300545, -0.7992251035998684, 0.9114884676972767;
  -0.05055172855869693, -0.9986726684236663, -0.009870363887998357, -0.02477193317886876;
  -0.7979421529000195, 0.04633045362160704, -0.6009507547981761, -0.4105790113747319]
test branch 1
Triangulating...Done. (6408points, 0.542107s, mean reproj err = 5.53906)
Triangulating...Done. (6408points, 0.535437s, mean reproj err = 5.23179)
0/6408 = 0% are in front of camera
P
[1, 0, 0, 0;
  0, 1, 0, 0;
  0, 0, 1, 0]
Testing P1 
[0.6006103923218523, -0.02250312002300545, -0.7992251035998684, -0.9114884676972767;
  -0.05055172855869693, -0.9986726684236663, -0.009870363887998357, 0.02477193317886876;
  -0.7979421529000195, 0.04633045362160704, -0.6009507547981761, 0.4105790113747319]
test branch 2
Triangulating...Done. (6408points, 0.517003s, mean reproj err = 5.53906)
Triangulating...Done. (6408points, 0.517982s, mean reproj err = 5.23179)
6408/6408 = 100% are in front of camera
0/6408 = 0% are in front of camera
P
[1, 0, 0, 0;
  0, 1, 0, 0;
  0, 0, 1, 0]
Testing P1 
[0.996900774834066, -0.00446708292012377, -0.07854228355111159, 0.9114884676972767;
  0.007135447072153568, 0.9994056497929377, 0.03372584405224758, -0.02477193317886876;
  0.07834494578668733, -0.0341817543748234, 0.9963401412858661, -0.4105790113747319]
test branch 3
Triangulating...Done. (6408points, 0.518196s, mean reproj err = 5.73833)
Triangulating...Done. (6408points, 0.517798s, mean reproj err = 5.42803)
6374/6408 = 99.4694% are in front of camera
6374/6408 = 99.4694% are in front of camera
Done. (3.48211s)
begin triangulation
p query index 1
[1, 0, 0, 0;
  0, 1, 0, 0;
  0, 0, 1, 0]
p train index 0
[0.996900774834066, -0.00446708292012377, -0.07854228355111159, 0.9114884676972767;
  0.007135447072153568, 0.9994056497929377, 0.03372584405224758, -0.02477193317886876;
  0.07834494578668733, -0.0341817543748234, 0.9963401412858661, -0.4105790113747319]
getalign
triangulate points
Triangulating...Done. (6408points, 0.534816s, mean reproj err = 5.73833)
triangulation reproj error 5.73833
test triangulate
6374/6408 = 99.4694% are in front of camera
6374/6408 = 99.4694% are in front of camera
filtered out 37 high-error points
0/6371 points were found in other views, adding 6371 new
 after 6371
F keeping 6384 / 10239
10239 matches before, 6384 new matches after Fundamental Matrix
=========================== Baseline triangulation ===========================
Find camera matrices...
before fundamentalMat 10239
F keeping 6384 / 10239
10239 matches before, 6384 new matches after Fundamental Matrix
after fundamentalMat 6384
K
[1024, 0, 512;
  0, 1024, 384;
  0, 0, 1]
F
[1.596371957221157e-006, 5.434535984643509e-005, -0.03106417394915752;
  -3.571813142911745e-005, -3.714234296015778e-006, -0.09556534819946605;
  0.02156428820162403, 0.08917412517420353, 1]
det(F)
-7.64977e-021
E
[1.673917321415132, 56.98524004633552, -9.603290445853912;
  -37.45317538141826, -3.89465694117904, -118.0460005999045;
  8.873849011138725, 118.34642784861, -2.78511582176548]
----------------------- SVD ------------------------
U:
[0.4339888337136485, -0.06730252863325445, -0.8984008358474726;
  -0.02465732426656975, -0.9977194972821422, 0.06283168868558726;
  0.9005807618264342, 0.005116090562068621, 0.4346586212713148]
W:
[131.8145272963803; 124.1467646407649; 5.149811626129272e-013]
Vt:
[0.0731450047030984, 0.9969121653911511, -0.02856471218320589;
  0.3004549008411403, 0.005284031847444441, 0.9537813856266937;
  0.9509872033037692, -0.07834675170395306, -0.2991406452655923]
----------------------------------------------------
singular value ratio: 0.941829
det(R) == -1 [-1]: flip E's sign
----------------------- SVD ------------------------
U:
[-0.4339888337136485, 0.06730252863325445, 0.8984008358474726;
  0.02465732426656975, 0.9977194972821422, -0.06283168868558726;
  -0.9005807618264342, -0.005116090562068621, -0.4346586212713148]
W:
[131.8145272963803; 124.1467646407649; 5.149811626129272e-013]
Vt:
[0.0731450047030984, 0.9969121653911511, -0.02856471218320589;
  0.3004549008411403, 0.005284031847444441, 0.9537813856266937;
  0.9509872033037692, -0.07834675170395306, -0.2991406452655923]
----------------------------------------------------
singular value ratio: 0.941829
P
[1, 0, 0, 0;
  0, 1, 0, 0;
  0, 0, 1, 0]
Testing P1 
[0.9896846141013628, -0.0009988668419099872, 0.1432597880637452, 0.8984008358474726;
  0.005817651501595487, 0.9994310731144036, -0.03322175528771948, -0.06283168868558726;
  -0.143145099608904, 0.03371249558284387, 0.9891273669753223, -0.4346586212713148]
test branch 1
Triangulating...Done. (6384points, 0.540187s, mean reproj err = 3.7188)
Triangulating...Done. (6384points, 0.536818s, mean reproj err = 3.98771)
32/6384 = 0.501253% are in front of camera
P
[1, 0, 0, 0;
  0, 1, 0, 0;
  0, 0, 1, 0]
Testing P1 
[0.9896846141013628, -0.0009988668419099872, 0.1432597880637452, -0.8984008358474726;
  0.005817651501595487, 0.9994310731144036, -0.03322175528771948, 0.06283168868558726;
  -0.143145099608904, 0.03371249558284387, 0.9891273669753223, 0.4346586212713148]
test branch 2
Triangulating...Done. (6384points, 0.514708s, mean reproj err = 3.7188)
Triangulating...Done. (6384points, 0.516676s, mean reproj err = 3.98771)
6352/6384 = 99.4987% are in front of camera
6352/6384 = 99.4987% are in front of camera
Done. (2.40992s)
begin triangulation
p query index 1
[1, 0, 0, 0;
  0, 1, 0, 0;
  0, 0, 1, 0]
p train index 0
[0.9896846141013628, -0.0009988668419099872, 0.1432597880637452, -0.8984008358474726;
  0.005817651501595487, 0.9994310731144036, -0.03322175528771948, 0.06283168868558726;
  -0.143145099608904, 0.03371249558284387, 0.9891273669753223, 0.4346586212713148]
getalign
triangulate points
Triangulating...Done. (6384points, 0.532494s, mean reproj err = 3.7188)
triangulation reproj error 3.7188
test triangulate
6352/6384 = 99.4987% are in front of camera
6352/6384 = 99.4987% are in front of camera
filtered out 32 high-error points
0/6352 points were found in other views, adding 6352 new
 after 6352
F keeping 5665 / 9692
9692 matches before, 5665 new matches after Fundamental Matrix
=========================== Baseline triangulation ===========================
Find camera matrices...
before fundamentalMat 9692
F keeping 5665 / 9692
9692 matches before, 5665 new matches after Fundamental Matrix
after fundamentalMat 5665
K
[1024, 0, 512;
  0, 1024, 384;
  0, 0, 1]
F
[3.445437644941342e-007, 6.742080404192972e-007, 0.001335701751014204;
  2.827573911780301e-006, -7.152797796781466e-007, 0.0176119132583753;
  -0.003308034299512139, -0.0194621498509408, 1]
det(F)
-1.17911e-020
E
[0.3612803223982013, 0.706958370190705, 1.81350814305916;
  2.964926142118941, -0.7500252102557923, 19.23580279378986;
  -2.094939658206727, -19.85702171611395, -0.04699898491070798]
----------------------- SVD ------------------------
U:
[0.006670624114534464, 0.1012528126710778, -0.9948383641075158;
  -0.3227066768382219, 0.9418500266698702, 0.09369593366841839;
  -0.9464755165866436, -0.3204159721177468, -0.03895768619778549]
W:
[20.03619415279412; 19.50722368101518; 3.316976642444948e-011]
Vt:
[0.05132799124490247, 0.9503271298992938, -0.3069915039412874;
  0.179438581275581, 0.2936182651787005, 0.9389303008760858;
  0.9824292508188923, -0.1032795261938229, -0.1554545161923883]
----------------------------------------------------
singular value ratio: 0.973599
det(R) == -1 [-1]: flip E's sign
----------------------- SVD ------------------------
U:
[-0.006670624114534464, -0.1012528126710778, 0.9948383641075158;
  0.3227066768382219, -0.9418500266698702, -0.09369593366841839;
  0.9464755165866436, 0.3204159721177468, 0.03895768619778549]
W:
[20.03619415279412; 19.50722368101518; 3.316976642444948e-011]
Vt:
[0.05132799124490247, 0.9503271298992938, -0.3069915039412874;
  0.179438581275581, 0.2936182651787005, 0.9389303008760858;
  0.9824292508188923, -0.1032795261938229, -0.1554545161923883]
----------------------------------------------------
singular value ratio: 0.973599
P
[1, 0, 0, 0;
  0, 1, 0, 0;
  0, 0, 1, 0]
Testing P1 
[0.9733581725810711, -0.1970111126642296, -0.1173051122348901, 0.9948383641075158;
  -0.1982989241015711, -0.9801413356200112, 0.0007063350337097336, -0.09369593366841839;
  -0.1151147452318654, 0.02257396057015082, -0.9930956709876344, 0.03895768619778549]
test branch 1
Triangulating...Done. (5665points, 0.48289s, mean reproj err = 5.04473)
Triangulating...Done. (5665points, 0.476727s, mean reproj err = 5.01691)
1941/5665 = 34.263% are in front of camera
P
[1, 0, 0, 0;
  0, 1, 0, 0;
  0, 0, 1, 0]
Testing P1 
[0.9733581725810711, -0.1970111126642296, -0.1173051122348901, -0.9948383641075158;
  -0.1982989241015711, -0.9801413356200112, 0.0007063350337097336, 0.09369593366841839;
  -0.1151147452318654, 0.02257396057015082, -0.9930956709876344, -0.03895768619778549]
test branch 2
Triangulating...Done. (5665points, 0.458297s, mean reproj err = 5.04473)
Triangulating...Done. (5665points, 0.458312s, mean reproj err = 5.01691)
3724/5665 = 65.737% are in front of camera
P
[1, 0, 0, 0;
  0, 1, 0, 0;
  0, 0, 1, 0]
Testing P1 
[0.9813584448910072, -0.00848175710469469, -0.1919991209290316, 0.9948383641075158;
  0.01419967226428925, 0.9994950788911353, 0.02842457704152643, -0.09369593366841839;
  0.1916610861617212, -0.03062102331438066, 0.9809833744679311, 0.03895768619778549]
test branch 3
Triangulating...Done. (5665points, 0.460752s, mean reproj err = 4.21913)
Triangulating...Done. (5665points, 0.458059s, mean reproj err = 4.17922)
5623/5665 = 99.2586% are in front of camera
5623/5665 = 99.2586% are in front of camera
Done. (3.17304s)
begin triangulation
p query index 1
[1, 0, 0, 0;
  0, 1, 0, 0;
  0, 0, 1, 0]
p train index 0
[0.9813584448910072, -0.00848175710469469, -0.1919991209290316, 0.9948383641075158;
  0.01419967226428925, 0.9994950788911353, 0.02842457704152643, -0.09369593366841839;
  0.1916610861617212, -0.03062102331438066, 0.9809833744679311, 0.03895768619778549]
getalign
triangulate points
Triangulating...Done. (5665points, 0.479482s, mean reproj err = 4.21913)
triangulation reproj error 4.21913
test triangulate
5623/5665 = 99.2586% are in front of camera
5623/5665 = 99.2586% are in front of camera
filtered out 42 high-error points
0/5623 points were found in other views, adding 5623 new
 after 5623
F keeping 5653 / 9864
9864 matches before, 5653 new matches after Fundamental Matrix
=========================== Baseline triangulation ===========================
Find camera matrices...
before fundamentalMat 9864
F keeping 5653 / 9864
9864 matches before, 5653 new matches after Fundamental Matrix
after fundamentalMat 5653
K
[1024, 0, 512;
  0, 1024, 384;
  0, 0, 1]
F
[1.826376079273862e-007, 1.200504924755638e-005, -0.007206183464688223;
  -8.591022129505977e-006, 2.836496873021719e-007, -0.01886551708038631;
  0.005302766803413128, 0.01663174908895926, 1]
det(F)
9.2663e-020
E
[0.1915094123700669, 12.58820651980568, -2.562799716728577;
  -9.00833962046886, 0.2974282545125622, -23.7109237051078;
  2.147660555204254, 23.43654992243933, -0.07138799427183429]
----------------------- SVD ------------------------
U:
[0.4765088226216637, 0.05244586421685419, 0.8776039957123391;
  0.2773365752482999, -0.956218240375865, -0.09344035959920477;
  0.8342803881149671, 0.2879168423330456, -0.4701915842587021]
W:
[26.81760198979851; 25.36177731847584; 1.497981031036729e-010]
Vt:
[-0.02294519297825508, 0.9558473265536235, -0.2929665619818782;
  0.3644196566600645, 0.2808782053047773, 0.8878658387529773;
  0.9309521104541044, -0.08639052092132819, -0.354774359186216]
----------------------------------------------------
singular value ratio: 0.945714
P
[1, 0, 0, 0;
  0, 1, 0, 0;
  0, 0, 1, 0]
Testing P1 
[0.6421547299407114, -0.1595273701616189, -0.749792185198065, 0.8776039957123391;
  -0.166114787446982, -0.9838240868453448, 0.06705254308650591, -0.09344035959920477;
  -0.7483603277875008, 0.08149346177603162, -0.6582671459837128, -0.4701915842587021]
test branch 1
Triangulating...Done. (5653points, 0.48117s, mean reproj err = 8.06048)
Triangulating...Done. (5653points, 0.4774s, mean reproj err = 8.65437)
0/5653 = 0% are in front of camera
P
[1, 0, 0, 0;
  0, 1, 0, 0;
  0, 0, 1, 0]
Testing P1 
[0.6421547299407114, -0.1595273701616189, -0.749792185198065, -0.8776039957123391;
  -0.166114787446982, -0.9838240868453448, 0.06705254308650591, 0.09344035959920477;
  -0.7483603277875008, 0.08149346177603162, -0.6582671459837128, 0.4701915842587021]
test branch 2
Triangulating...Done. (5653points, 0.458488s, mean reproj err = 8.06048)
Triangulating...Done. (5653points, 0.459161s, mean reproj err = 8.65437)
5653/5653 = 100% are in front of camera
0/5653 = 0% are in front of camera
P
[1, 0, 0, 0;
  0, 1, 0, 0;
  0, 0, 1, 0]
Testing P1 
[0.9918598539620022, 0.00789403745716287, 0.1270893948018496, 0.8776039957123391;
  -0.007862212493958243, 0.9999688095270479, -0.000752055688630987, -0.09344035959920477;
  -0.1270913675792944, -0.0002532699821639062, 0.9918909819839783, -0.4701915842587021]
test branch 3
Triangulating...Done. (5653points, 0.456567s, mean reproj err = 8.13378)
Triangulating...Done. (5653points, 0.457002s, mean reproj err = 8.73643)
35/5653 = 0.61914% are in front of camera
P
[1, 0, 0, 0;
  0, 1, 0, 0;
  0, 0, 1, 0]
Testing P1 
[0.9918598539620022, 0.00789403745716287, 0.1270893948018496, -0.8776039957123391;
  -0.007862212493958243, 0.9999688095270479, -0.000752055688630987, 0.09344035959920477;
  -0.1270913675792944, -0.0002532699821639062, 0.9918909819839783, 0.4701915842587021]
test branch 4
Triangulating...Done. (5653points, 0.455845s, mean reproj err = 8.13378)
Triangulating...Done. (5653points, 0.456029s, mean reproj err = 8.73643)
5618/5653 = 99.3809% are in front of camera
5618/5653 = 99.3809% are in front of camera
Done. (4.18369s)
begin triangulation
p query index 1
[1, 0, 0, 0;
  0, 1, 0, 0;
  0, 0, 1, 0]
p train index 0
[0.9918598539620022, 0.00789403745716287, 0.1270893948018496, -0.8776039957123391;
  -0.007862212493958243, 0.9999688095270479, -0.000752055688630987, 0.09344035959920477;
  -0.1270913675792944, -0.0002532699821639062, 0.9918909819839783, 0.4701915842587021]
getalign
triangulate points
