hello world
begin match
[32 x 17192]  [32 x 19294]
[32 x 17192]  [32 x 19294]
end match
F keeping 4784 / 9268
9268 matches before, 4784 new matches after Fundamental Matrix
=========================== Baseline triangulation ===========================
Find camera matrices...
before fundamentalMat 9268
F keeping 4784 / 9268
9268 matches before, 4784 new matches after Fundamental Matrix
after fundamentalMat 4784
K
[1024, 0, 512;
  0, 1024, 384;
  0, 0, 1]
F
[4.27921987925691e-007, 3.555352237445404e-006, -0.0004732061426251377;
  -4.885108229259639e-007, -4.994274342029779e-007, 0.01027633619861662;
  -0.001424308627517842, -0.01204396320700718, 1]
det(F)
3.22107e-021
E
[0.4487087264111693, 3.728057027731552, 1.137812658556776;
  -0.5122407246604155, -0.5236876212468218, 10.07046504708565;
  -1.426227943120342, -10.66537266807714, -0.008797166844384918]
----------------------- SVD ------------------------
U:
[0.3227676805191384, 0.1329904854952558, 0.9370883390481559;
  -0.1010591677020377, 0.989261625808984, -0.1055863642954765;
  -0.9410675156627534, -0.0606215017093918, 0.3327415881653981]
W:
[11.41548614316926; 10.1398385449833; 3.05966474262374e-011]
Vt:
[0.134796894679034, 0.9892750403753338, -0.0562555923910787;
  -0.03556329022598822, 0.06156734657272754, 0.9974691545227331;
  0.9902348456670224, -0.1324551106087471, 0.04348096250582575]
----------------------------------------------------
singular value ratio: 0.888253
P
[1, 0, 0, 0;
  0, 1, 0, 0;
  0, 0, 1, 0]
Testing P1 
[0.9573429119582058, -0.01242992133993337, -0.288686761003802, 0.9370883390481559;
  0.02520010152052604, 0.9988592331777466, 0.04056090702781851, -0.1055863642954765;
  0.287853267840993, -0.04610563253060549, 0.9565640422063827, 0.3327415881653981]
test branch 1
Triangulating...Done. (4784points, 0.42126s, mean reproj err = 7.60408)
Triangulating...Done. (4784points, 0.416213s, mean reproj err = 8.18727)
4756/4784 = 99.4147% are in front of camera
4756/4784 = 99.4147% are in front of camera
Done. (1.39939s)
begin triangulation
p query index 1
[1, 0, 0, 0;
  0, 1, 0, 0;
  0, 0, 1, 0]
p train index 0
[0.9573429119582058, -0.01242992133993337, -0.288686761003802, 0.9370883390481559;
  0.02520010152052604, 0.9988592331777466, 0.04056090702781851, -0.1055863642954765;
  0.287853267840993, -0.04610563253060549, 0.9565640422063827, 0.3327415881653981]
getalign
triangulate points
Triangulating...Done. (4784points, 0.419233s, mean reproj err = 7.60408)
triangulation reproj error 7.60408
test triangulate
4756/4784 = 99.4147% are in front of camera
4756/4784 = 99.4147% are in front of camera
filtered out 384 high-error points
0/4400 points were found in other views, adding 4400 new
 after 4400
after init map size: 4400
get color: 
4400  8800
