hello world
=========================== Baseline triangulation ===========================
Find camera matrices...
before fundamentalMat 18207
F keeping 13817 / 18207
18207 matches before, 13817 new matches after Fundamental Matrix
after fundamentalMat 13817
K
[1024, 0, 512;
  0, 1024, 384;
  0, 0, 1]
F
[8.600026391045213e-006, -0.0001417131171120842, 0.05808233885002757;
  0.0001537889238002179, -7.554827182747211e-006, -0.4592995819464458;
  -0.09121544428328662, 0.4622891726374615, 1]
det(F)
8.47033e-022
E
[9.017781273016626, -148.5969734889208, 8.261340560591236;
  161.2593745627372, -7.921810467976339, -392.663763557283;
  -28.42345884855072, 396.114947110809, -11.30150623394309]
----------------------- SVD ------------------------
U:
[-0.2373731938448643, 0.2592654690204044, 0.9361812770064986;
  -0.7200517329147097, -0.6938542118942954, 0.009583035170015913;
  0.652057872255532, -0.6718241951658007, 0.3513869405931474]
W:
[427.812984133468; 421.0718725121944; 8.168553355536373e-015]
Vt:
[-0.3197411411456017, 0.6995274389249395, 0.6390829092144642;
  -0.2148253908580594, -0.7104466185752728, 0.6701609161967317;
  0.922830241215355, 0.07698678033322191, 0.3774352680292792]
----------------------------------------------------
singular value ratio: 0.984243
P
[1, 0, 0, 0;
  0, 1, 0, 0;
  0, 0, 1, 0]
Testing P1 
[0.7300447676100235, 0.08479590896299459, 0.6781181984789719, 0.9361812770064986;
  0.07601185719585966, -0.9961906116586603, 0.04273713617897954, 0.009583035170015913;
  0.6791589172284076, 0.02034500101459616, -0.7337092381065217, 0.3513869405931474]
test branch 1
Triangulating...Done. (13817points, 1.25266s, mean reproj err = 3.45976)
Triangulating...Done. (13817points, 1.22124s, mean reproj err = 3.45663)
13783/13817 = 99.7539% are in front of camera
34/13817 = 0.246074% are in front of camera
P
[1, 0, 0, 0;
  0, 1, 0, 0;
  0, 0, 1, 0]
Testing P1 
[0.7300447676100235, 0.08479590896299459, 0.6781181984789719, -0.9361812770064986;
  0.07601185719585966, -0.9961906116586603, 0.04273713617897954, -0.009583035170015913;
  0.6791589172284076, 0.02034500101459616, -0.7337092381065217, -0.3513869405931474]
test branch 2
Triangulating...Done. (13817points, 1.17497s, mean reproj err = 3.45976)
Triangulating...Done. (13817points, 1.18504s, mean reproj err = 3.45663)
34/13817 = 0.246074% are in front of camera
P
[1, 0, 0, 0;
  0, 1, 0, 0;
  0, 0, 1, 0]
Testing P1 
[0.9978280197523888, 0.05935125568695436, 0.02857746394290944, 0.9361812770064986;
  -0.05832482788081763, 0.9976661457057794, -0.0355031852831216, 0.009583035170015913;
  -0.03061792693340787, 0.03375929740021891, 0.9989608863160476, 0.3513869405931474]
test branch 3
Triangulating...Done. (13817points, 1.18979s, mean reproj err = 491.531)
Triangulating...Done. (13817points, 1.17557s, mean reproj err = 61.0325)
5125/13817 = 37.092% are in front of camera
P
[1, 0, 0, 0;
  0, 1, 0, 0;
  0, 0, 1, 0]
Testing P1 
[0.9978280197523888, 0.05935125568695436, 0.02857746394290944, -0.9361812770064986;
  -0.05832482788081763, 0.9976661457057794, -0.0355031852831216, -0.009583035170015913;
  -0.03061792693340787, 0.03375929740021891, 0.9989608863160476, -0.3513869405931474]
test branch 4
Triangulating...Done. (13817points, 1.18087s, mean reproj err = 491.531)
Triangulating...Done. (13817points, 1.18927s, mean reproj err = 61.0325)
8692/13817 = 62.908% are in front of camera
Shit.
after init map size: 0
get color: 
0  0
