hello world
P1000965.JPG
P1000966.JPG
P1000967.JPG
P1000968.JPG
P1000969.JPG
P1000970.JPG
P1000971.JPG
F keeping 10019 / 12112
12112 matches before, 10019 new matches after Fundamental Matrix
=========================== Baseline triangulation ===========================
Find camera matrices...
before fundamentalMat 12112
F keeping 10019 / 12112
12112 matches before, 10019 new matches after Fundamental Matrix
after fundamentalMat 10019
K
[1024, 0, 512;
  0, 1024, 384;
  0, 0, 1]
F
[2.709787199298531e-006, -3.485581720325174e-005, 0.02290610327979298;
  3.817622808085591e-005, 5.47135660734347e-006, 0.01663800339659516;
  -0.02369573205494628, -0.02177173438833913, 1]
det(F)
-4.60905e-021
E
[2.841417822291657, -36.5489733797169, 11.17069365226001;
  40.03067653611157, 5.737133225901786, 39.2040787058824;
  -7.832217012077326, -38.41731774380455, 0.7943155235811794]
----------------------- SVD ------------------------
U:
[-0.06314508051038122, 0.7132327261701534, -0.6980771999766419;
  0.9464247722376284, 0.2647543097822431, 0.184892687650651;
  -0.3166904629165372, 0.6490024913446937, 0.6917390526246803]
W:
[57.5999611502596; 53.4894792869083; 1.646073949191703e-012]
Vt:
[0.6976912830277448, 0.3455566742767238, 0.6275487697780228;
  0.1409951650860692, -0.9250777678369386, 0.3526350618928571;
  0.7023868143761323, -0.1575490663781837, -0.6941405150788355]
----------------------------------------------------
singular value ratio: 0.928637
det(R) == -1 [-1]: flip E's sign
----------------------- SVD ------------------------
U:
[0.06314508051038122, -0.7132327261701534, 0.6980771999766419;
  -0.9464247722376284, -0.2647543097822431, -0.184892687650651;
  0.3166904629165372, -0.6490024913446937, -0.6917390526246803]
W:
[57.5999611502596; 53.4894792869083; 1.646073949191703e-012]
Vt:
[0.6976912830277448, 0.3455566742767238, 0.6275487697780228;
  0.1409951650860692, -0.9250777678369386, 0.3526350618928571;
  0.7023868143761323, -0.1575490663781837, -0.6941405150788355]
----------------------------------------------------
singular value ratio: 0.928637
P
[1, 0, 0, 0;
  0, 1, 0, 0;
  0, 0, 1, 0]
Testing P1 
[-0.01619918618976107, -0.2980296298284688, -0.9544191564040903, 0.6980771999766419;
  -0.1811416429562903, -0.9378744641964366, 0.2959378221778062, -0.184892687650651;
  -0.9833235945271959, 0.1776790059420441, -0.03879277372864382, -0.6917390526246803]
test branch 1
Triangulating...Done. (10019points, 0.857595s, mean reproj err = 10.3178)
Triangulating...Done. (10019points, 0.84709s, mean reproj err = 9.94085)
0/10019 = 0% are in front of camera
P
[1, 0, 0, 0;
  0, 1, 0, 0;
  0, 0, 1, 0]
Testing P1 
[-0.01619918618976107, -0.2980296298284688, -0.9544191564040903, -0.6980771999766419;
  -0.1811416429562903, -0.9378744641964366, 0.2959378221778062, 0.184892687650651;
  -0.9833235945271959, 0.1776790059420441, -0.03879277372864382, 0.6917390526246803]
test branch 2
Triangulating...Done. (10019points, 0.81603s, mean reproj err = 10.3178)
Triangulating...Done. (10019points, 0.817468s, mean reproj err = 9.94085)
10019/10019 = 100% are in front of camera
0/10019 = 0% are in front of camera
P
[1, 0, 0, 0;
  0, 1, 0, 0;
  0, 0, 1, 0]
Testing P1 
[0.9968396275501685, 0.07806680759603565, -0.01470817790906448, 0.6980771999766419;
  -0.07859072880447368, 0.996133804835463, -0.03925481129753999, -0.184892687650651;
  0.01158681542197004, 0.04028667789465122, 0.9991209783067263, -0.6917390526246803]
test branch 3
Triangulating...Done. (10019points, 0.817189s, mean reproj err = 12.4215)
Triangulating...Done. (10019points, 0.816665s, mean reproj err = 11.8159)
9988/10019 = 99.6906% are in front of camera
9988/10019 = 99.6906% are in front of camera
Done. (5.32241s)
begin triangulation
p query index 1
[1, 0, 0, 0;
  0, 1, 0, 0;
  0, 0, 1, 0]
p train index 0
[0.9968396275501685, 0.07806680759603565, -0.01470817790906448, 0.6980771999766419;
  -0.07859072880447368, 0.996133804835463, -0.03925481129753999, -0.184892687650651;
  0.01158681542197004, 0.04028667789465122, 0.9991209783067263, -0.6917390526246803]
getalign
triangulate points
Triangulating...Done. (10019points, 0.850401s, mean reproj err = 12.4215)
triangulation reproj error 12.4215
test triangulate
9988/10019 = 99.6906% are in front of camera
9988/10019 = 99.6906% are in front of camera
filtered out 3130 high-error points
0/6889 points were found in other views, adding 6889 new
 after 6889
