hello world
=========================== Baseline triangulation ===========================
Find camera matrices...
before fundamentalMat 17192
F keeping 6282 / 17192
17192 matches before, 6282 new matches after Fundamental Matrix
after fundamentalMat 6282
K
[1024, 0, 512;
  0, 1024, 384;
  0, 0, 1]
F
[2.955993695839495e-007, 7.573747027993613e-006, -0.002705801494131119;
  -4.463701754340809e-006, -1.650816092151999e-006, 0.0137715355271642;
  0.000868421104851691, -0.01498908259919551, 1]
det(F)
-4.30548e-022
E
[0.3099584045608594, 7.94164936362543, 0.3623569836497005;
  -4.680530530759668, -1.731006134644375, 11.11265981394467;
  -0.7109565353863143, -12.02712320025513, 0.0372498096470899]
----------------------- SVD ------------------------
U:
[0.5090566705821008, 0.2197250456013384, -0.8322152428737148;
  -0.3557957623887661, 0.9341139166475514, 0.02899251957950955;
  -0.7837542227012643, -0.281339821320874, -0.5536941604686432]
W:
[14.78109125703509; 11.76307818165738; 2.72248165594501e-012]
Vt:
[0.1610378061669427, 0.9529027716270678, -0.2569885849807163;
  -0.3488901997834862, 0.298538442602442, 0.8883413908985371;
  0.9232239454650087, -0.05339574996159343, 0.3805344142203982]
----------------------------------------------------
singular value ratio: 0.795819
det(R) == -1 [-1]: flip E's sign
----------------------- SVD ------------------------
U:
[-0.5090566705821008, -0.2197250456013384, 0.8322152428737148;
  0.3557957623887661, -0.9341139166475514, -0.02899251957950955;
  0.7837542227012643, 0.281339821320874, 0.5536941604686432]
W:
[14.78109125703509; 11.76307818165738; 2.72248165594501e-012]
Vt:
[0.1610378061669427, 0.9529027716270678, -0.2569885849807163;
  -0.3488901997834862, 0.298538442602442, 0.8883413908985371;
  0.9232239454650087, -0.05339574996159343, 0.3805344142203982]
----------------------------------------------------
singular value ratio: 0.795819
P
[1, 0, 0, 0;
  0, 1, 0, 0;
  0, 0, 1, 0]
Testing P1 
[0.5553321171979151, -0.1018403763401461, 0.8253694792972288, 0.8322152428737148;
  -0.05306058954016399, -0.9947903756507341, -0.08704414024115503, -0.02899251957950955;
  0.8299342223611046, 0.004543815529823869, -0.5578427558858315, 0.5536941604686432]
test branch 1
Triangulating...Done. (6282points, 0.543635s, mean reproj err = 30.0242)
Triangulating...Done. (6282points, 0.537945s, mean reproj err = 34.3266)
6282/6282 = 100% are in front of camera
0/6282 = 0% are in front of camera
P
[1, 0, 0, 0;
  0, 1, 0, 0;
  0, 0, 1, 0]
Testing P1 
[0.5553321171979151, -0.1018403763401461, 0.8253694792972288, -0.8322152428737148;
  -0.05306058954016399, -0.9947903756507341, -0.08704414024115503, 0.02899251957950955;
  0.8299342223611046, 0.004543815529823869, -0.5578427558858315, -0.5536941604686432]
test branch 2
Triangulating...Done. (6282points, 0.523409s, mean reproj err = 30.0242)
Triangulating...Done. (6282points, 0.51784s, mean reproj err = 34.3266)
0/6282 = 0% are in front of camera
P
[1, 0, 0, 0;
  0, 1, 0, 0;
  0, 0, 1, 0]
Testing P1 
[0.981309962806068, 0.01296686229472283, -0.1919963993927576, 0.8322152428737148;
  -0.0004725870901686503, 0.9978865303031823, 0.06497883733123083, -0.02899251957950955;
  0.1924331924564882, -0.06367364542497998, 0.9792421219082123, 0.5536941604686432]
test branch 3
Triangulating...Done. (6282points, 0.519348s, mean reproj err = 31.9071)
Triangulating...Done. (6282points, 0.521911s, mean reproj err = 37.0001)
6236/6282 = 99.2677% are in front of camera
6236/6282 = 99.2677% are in front of camera
Done. (6.85927s)
begin triangulation
p query index 1
[1, 0, 0, 0;
  0, 1, 0, 0;
  0, 0, 1, 0]
p train index 0
[0.981309962806068, 0.01296686229472283, -0.1919963993927576, 0.8322152428737148;
  -0.0004725870901686503, 0.9978865303031823, 0.06497883733123083, -0.02899251957950955;
  0.1924331924564882, -0.06367364542497998, 0.9792421219082123, 0.5536941604686432]
getalign
triangulate points
Triangulating...Done. (6282points, 0.544743s, mean reproj err = 31.9071)
triangulation reproj error 31.9071
test triangulate
6236/6282 = 99.2677% are in front of camera
6236/6282 = 99.2677% are in front of camera
filtered out 5577 high-error points
116/705 points were found in other views, adding 589 new
 after 589
after init map size: 589
get color: 
589  1178
