hello world
=========================== Baseline triangulation ===========================
Find camera matrices...
before fundamentalMat 22551
F keeping 15777 / 22551
22551 matches before, 15777 new matches after Fundamental Matrix
after fundamentalMat 15777
K
[1024, 0, 512;
  0, 1024, 384;
  0, 0, 1]
F
[-6.005156580717589e-006, 0.0001069980404777218, -0.0604743065529005;
  -0.0001050039675964833, -5.624708616866439e-006, 0.2545728318157992;
  0.07329862202154058, -0.2516759626765938, 1]
det(F)
-8.47033e-022
E
[-6.296863066782526, 112.1955772919676, -23.00077995907351;
  -110.1046403264501, -5.897934462639343, 203.4185341926636;
  30.62011729424752, -203.8301225583379, 6.666885149928895]
----------------------- SVD ------------------------
U:
[0.443813769828018, 0.1977144089715506, -0.8740356687207185;
  -0.5375525617559032, 0.8391216149761328, -0.08313939276608173;
  -0.7169843659806739, -0.5067385201115832, -0.4786956143254433]
W:
[237.2535753865256; 230.0716197224092; 1.661581393366265e-014]
Vt:
[0.1451537726770203, 0.8392177136269201, -0.5240648923677609;
  -0.474428602805282, 0.5238463256223418, 0.7074620328838852;
  0.8682441379691867, 0.1459405915664871, 0.4741871577925408]
----------------------------------------------------
singular value ratio: 0.969729
det(R) == -1 [-1]: flip E's sign
----------------------- SVD ------------------------
U:
[-0.443813769828018, -0.1977144089715506, 0.8740356687207185;
  0.5375525617559032, -0.8391216149761328, 0.08313939276608173;
  0.7169843659806739, 0.5067385201115832, 0.4786956143254433]
W:
[237.2535753865256; 230.0716197224092; 1.661581393366265e-014]
Vt:
[0.1451537726770203, 0.8392177136269201, -0.5240648923677609;
  -0.474428602805282, 0.5238463256223418, 0.7074620328838852;
  0.8682441379691867, 0.1459405915664871, 0.4741871577925408]
----------------------------------------------------
singular value ratio: 0.969729
P
[1, 0, 0, 0;
  0, 1, 0, 0;
  0, 0, 1, 0]
Testing P1 
[0.5196194066426623, 0.1941220608801162, 0.8320530618416016, 0.8740356687207185;
  0.2054139330631017, -0.9736672453171452, 0.09887978307050324, 0.08313939276608173;
  0.8293375599500333, 0.1195354377420297, -0.5458117722987902, 0.4786956143254433]
test branch 1
Triangulating...Done. (15777points, 1.40456s, mean reproj err = 5.92309)
Triangulating...Done. (15777points, 1.38823s, mean reproj err = 6.01075)
15777/15777 = 100% are in front of camera
0/15777 = 0% are in front of camera
P
[1, 0, 0, 0;
  0, 1, 0, 0;
  0, 0, 1, 0]
Testing P1 
[0.5196194066426623, 0.1941220608801162, 0.8320530618416016, -0.8740356687207185;
  0.2054139330631017, -0.9736672453171452, 0.09887978307050324, -0.08313939276608173;
  0.8293375599500333, 0.1195354377420297, -0.5458117722987902, -0.4786956143254433]
test branch 2
Triangulating...Done. (15777points, 1.33594s, mean reproj err = 5.92309)
Triangulating...Done. (15777points, 1.3448s, mean reproj err = 6.01075)
0/15777 = 0% are in front of camera
P
[1, 0, 0, 0;
  0, 1, 0, 0;
  0, 0, 1, 0]
Testing P1 
[0.9981332848428213, 0.06099250420650737, -0.00314008272164118, 0.8740356687207185;
  -0.0610433522561652, 0.9979340696426663, -0.0200325183578112, 0.08313939276608173;
  0.001911762069216172, 0.02018680452784669, 0.9997943979082627, 0.4786956143254433]
test branch 3
Triangulating...Done. (15777points, 1.34086s, mean reproj err = 6.55657)
Triangulating...Done. (15777points, 1.324s, mean reproj err = 6.67507)
15657/15777 = 99.2394% are in front of camera
15657/15777 = 99.2394% are in front of camera
Done. (8.78145s)
begin triangulation
p query index 1
[1, 0, 0, 0;
  0, 1, 0, 0;
  0, 0, 1, 0]
p train index 0
[0.9981332848428213, 0.06099250420650737, -0.00314008272164118, 0.8740356687207185;
  -0.0610433522561652, 0.9979340696426663, -0.0200325183578112, 0.08313939276608173;
  0.001911762069216172, 0.02018680452784669, 0.9997943979082627, 0.4786956143254433]
getalign
triangulate points
Triangulating...Done. (15777points, 1.41981s, mean reproj err = 6.55657)
triangulation reproj error 6.55657
test triangulate
15657/15777 = 99.2394% are in front of camera
15657/15777 = 99.2394% are in front of camera
filtered out 127 high-error points
3007/15650 points were found in other views, adding 12643 new
 after 12643
after init map size: 12643
get color: 
12643  25286
