hello world
preprocessor begin
camera open successfully
getFirst  0
getSecond  0
Frame size: 640  480
get first is true now
create first keyframe
keyframe number: 1
first keyframe keypoints number: 2538F keeping 1667 / 1703
1703 matches before, 1667 new matches after Fundamental Matrix
F keeping 1571 / 1647
1647 matches before, 1571 new matches after Fundamental Matrix
F keeping 1546 / 1624
1624 matches before, 1546 new matches after Fundamental Matrix
F keeping 1509 / 1571
1571 matches before, 1509 new matches after Fundamental Matrix
F keeping 1499 / 1562
1562 matches before, 1499 new matches after Fundamental Matrix
F keeping 1431 / 1545
1545 matches before, 1431 new matches after Fundamental Matrix
F keeping 1433 / 1519
1519 matches before, 1433 new matches after Fundamental Matrix
F keeping 1326 / 1488
1488 matches before, 1326 new matches after Fundamental Matrix
F keeping 1112 / 1420
1420 matches before, 1112 new matches after Fundamental Matrix
F keeping 1119 / 1368
1368 matches before, 1119 new matches after Fundamental Matrix
F keeping 1029 / 1335
1335 matches before, 1029 new matches after Fundamental Matrix
F keeping 1097 / 1335
1335 matches before, 1097 new matches after Fundamental Matrix
F keeping 1117 / 1314
1314 matches before, 1117 new matches after Fundamental Matrix
F keeping 1025 / 1274
1274 matches before, 1025 new matches after Fundamental Matrix
F keeping 1070 / 1300
1300 matches before, 1070 new matches after Fundamental Matrix
F keeping 1060 / 1306
1306 matches before, 1060 new matches after Fundamental Matrix
get second is true now
F keeping 1078 / 1324
1324 matches before, 1078 new matches after Fundamental Matrix
F keeping 1078 / 1324
1324 matches before, 1078 new matches after Fundamental Matrix
=========================== Baseline triangulation ===========================
Find camera matrices...
before fundamentalMat 1324
F keeping 1078 / 1324
1324 matches before, 1078 new matches after Fundamental Matrix
after fundamentalMat 1078
K
[640, 0, 320;
  0, 640, 240;
  0, 0, 1]
F
[3.034307475956329e-007, -1.753739285189964e-005, 0.01229970337702818;
  1.682544037658702e-005, 4.420856073826887e-006, -0.05374733434126094;
  -0.01312210632808594, 0.05087783476418484, 1]
det(F)
-1.82724e-020
E
[0.1242852342151712, -7.183316112138094, 5.240209236353836;
  6.891700378250043, 1.810782647839493, -30.27340029634217;
  -5.751617791023651, 29.64919968594906, 0.2791858254654613]
----------------------- SVD ------------------------
U:
[-0.263765874257231, -0.09056335780512881, -0.9603259039515588;
  0.8070234891603353, -0.5660345042649769, -0.1682796123271615;
  0.5283376302335433, 0.8193919808031819, -0.222387342883181]
W:
[32.0427627865832; 30.52579156041945; 3.134758888305654e-012]
Vt:
[0.07771445255547932, 0.5936081670621222, -0.8009930136156931;
  -0.2825487874022822, 0.7835962642096896, 0.5533019767307171;
  0.9560997053662876, 0.1833200444953215, 0.2286200224930687]
----------------------------------------------------
singular value ratio: 0.952658
det(R) == -1 [-1]: flip E's sign
----------------------- SVD ------------------------
U:
[0.263765874257231, 0.09056335780512881, 0.9603259039515588;
  -0.8070234891603353, 0.5660345042649769, 0.1682796123271615;
  -0.5283376302335433, -0.8193919808031819, 0.222387342883181]
W:
[32.0427627865832; 30.52579156041945; 3.134758888305654e-012]
Vt:
[0.07771445255547932, 0.5936081670621222, -0.8009930136156931;
  -0.2825487874022822, 0.7835962642096896, 0.5533019767307171;
  0.9560997053662876, 0.1833200444953215, 0.2286200224930687]
----------------------------------------------------
singular value ratio: 0.952658
P
[1, 0, 0, 0;
  0, 1, 0, 0;
  0, 0, 1, 0]
Testing P1 
[0.9997321235265942, 0.02312018257813428, 0.001066933249963764, 0.9603259039515588;
  -0.02314235887579458, 0.9992323218256283, 0.03161009719422576, 0.1682796123271615;
  -0.0003352829701510907, -0.0316263209450324, 0.9994997065576416, 0.222387342883181]
test branch 1
Triangulating...Done. (1078points, 0.0942292s, mean reproj err = 9.21757)
Triangulating...Done. (1078points, 0.0923556s, mean reproj err = 8.82031)
21/1078 = 1.94805% are in front of camera
P
[1, 0, 0, 0;
  0, 1, 0, 0;
  0, 0, 1, 0]
Testing P1 
[0.9997321235265942, 0.02312018257813428, 0.001066933249963764, -0.9603259039515588;
  -0.02314235887579458, 0.9992323218256283, 0.03161009719422576, -0.1682796123271615;
  -0.0003352829701510907, -0.0316263209450324, 0.9994997065576416, -0.222387342883181]
test branch 2
Triangulating...Done. (1078points, 0.0888882s, mean reproj err = 9.21757)
Triangulating...Done. (1078points, 0.0895191s, mean reproj err = 8.82031)
1057/1078 = 98.0519% are in front of camera
1057/1078 = 98.0519% are in front of camera
Done. (0.404653s)
begin triangulation
p query index 1
[1, 0, 0, 0;
  0, 1, 0, 0;
  0, 0, 1, 0]
p train index 0
[0.9997321235265942, 0.02312018257813428, 0.001066933249963764, -0.9603259039515588;
  -0.02314235887579458, 0.9992323218256283, 0.03161009719422576, -0.1682796123271615;
  -0.0003352829701510907, -0.0316263209450324, 0.9994997065576416, -0.222387342883181]
getalign
triangulate points
Triangulating...Done. (1078points, 0.0931955s, mean reproj err = 9.21757)
triangulation reproj error 9.21757
test triangulate
1057/1078 = 98.0519% are in front of camera
1057/1078 = 98.0519% are in front of camera
filtered out 40 high-error points
0/1038 points were found in other views, adding 1038 new
 after 1038
create second keyframe
create init map
keyframe number: 2
second keyframe keypoints number: 2458
point number: 1038
1038/2538
1038/2458
start tracking is true now
F keeping 1361 / 1542
1542 matches before, 1361 new matches after Fundamental Matrix
-----------------------------------------------------------------
find 2d 3d correspondences
query frame keypoints: 2550
train frame keypoints: 2458
match size: 1542
-----------------------------------------------------------------
found 702 3d-2d point correspondences
-------------------------------------------------------------------------
find pose estimation
3d point: 702
2d point: 702
inliers size: 655
projected point: 702
--------------------------------------------------------------------------
(655/702)
found t = [0.1069545589708711; 0.06393774862436508; 0.0168738814206737]
R = 
[0.9999716634015781, -0.003920241884610836, 0.006426826389998213;
  0.003906824712236669, 0.9999901656019825, 0.002098909237554236;
  -0.006434991417934561, -0.002073741277444348, 0.9999771449801067]
frame pose [0.9999716634015781, -0.003920241884610836, 0.006426826389998213, 0.1069545589708711;
  0.003906824712236669, 0.9999901656019825, 0.002098909237554236, 0.06393774862436508;
  -0.006434991417934561, -0.002073741277444348, 0.9999771449801067, 0.0168738814206737]
next to triangulate ,inliers size: 655
match size: 1542
match size: 655
begin triangulation
p query index 2
[0.9999716634015781, -0.003920241884610836, 0.006426826389998213, 0.1069545589708711;
  0.003906824712236669, 0.9999901656019825, 0.002098909237554236, 0.06393774862436508;
  -0.006434991417934561, -0.002073741277444348, 0.9999771449801067, 0.0168738814206737]
p train index 1
[1, 0, 0, 0;
  0, 1, 0, 0;
  0, 0, 1, 0]
getalign
triangulate points
Triangulating...Done. (655points, 0.0554196s, mean reproj err = 8.29348)
triangulation reproj error 8.29348
test triangulate
588/655 = 89.771% are in front of camera
588/655 = 89.771% are in front of camera
filtered out 86 high-error points
272/569 points were found in other views, adding 297 new
before triangulation: 1335 after 1335
======================== Bundle Adjustment ==========================
N (cams) = 2 M (points) = 569 K (measurements) = 1138
intrinsic before bundle = [ 640 0 320 
0 640 240 
0 0 1 ]
Read the 3D points.
Read the cameras.
Read 1138 valid 2D measurements.
mean reprojection error (in pixels): 5.83903
K0 = [ 1 0 0.5 
0 1 0.375 
0 0 1 ]
optimizer status = 0
refined K = [ 0.996583 0 0.515049 
0 0.996583 0.37339 
0 0 1 ]
Knew = [ 637.813 0 329.632 
0 637.813 238.969 
0 0 1 ]
mean reprojection error (in pixels): 1.26749
use new K 
[637.8129169861242, 0, 329.6315791532416;
  0, 637.8129169861242, 238.9694139088347;
  0, 0, 1]
F keeping 1454 / 1526
1526 matches before, 1454 new matches after Fundamental Matrix
-----------------------------------------------------------------
find 2d 3d correspondences
query frame keypoints: 2559
train frame keypoints: 2458
match size: 1526
-----------------------------------------------------------------
found 908 3d-2d point correspondences
-------------------------------------------------------------------------
find pose estimation
3d point: 908
2d point: 908
inliers size: 134
projected point: 908
--------------------------------------------------------------------------
(134/908)
not enough inliers to consider a good pose (134/908)
lost a frame
F keeping 1313 / 1510
1510 matches before, 1313 new matches after Fundamental Matrix
-----------------------------------------------------------------
find 2d 3d correspondences
query frame keypoints: 2412
train frame keypoints: 2458
match size: 1510
-----------------------------------------------------------------
found 918 3d-2d point correspondences
-------------------------------------------------------------------------
find pose estimation
3d point: 918
2d point: 918
inliers size: 659
projected point: 918
--------------------------------------------------------------------------
(659/918)
found t = [0.1969832208002122; 0.09494356680146887; -0.136092469843403]
R = 
[0.9997100752018134, -0.0005568495495490353, -0.02407188107655212;
  0.0005493396366167184, 0.9999997983630716, -0.0003185903008484253;
  0.02407205362963747, 0.0003052742952164736, 0.9997101795228738]
frame pose [0.9997100752018134, -0.0005568495495490353, -0.02407188107655212, 0.1969832208002122;
  0.0005493396366167184, 0.9999997983630716, -0.0003185903008484253, 0.09494356680146887;
  0.02407205362963747, 0.0003052742952164736, 0.9997101795228738, -0.136092469843403]
next to triangulate ,inliers size: 659
match size: 1510
match size: 659
begin triangulation
p query index 3
[0.9997100752018134, -0.0005568495495490353, -0.02407188107655212, 0.1969832208002122;
  0.0005493396366167184, 0.9999997983630716, -0.0003185903008484253, 0.09494356680146887;
  0.02407205362963747, 0.0003052742952164736, 0.9997101795228738, -0.136092469843403]
p train index 1
[0.999944798701969, 0.002460274968852004, -0.01021501815740331, -9.996597668716911e-005;
  -0.002413777564531892, 0.9999866821815565, 0.004561703343194182, 0.2608622200683398;
  0.01022610516019669, -0.004536794749598681, 0.9999374201752092, -0.9000796837630229]
getalign
triangulate points
Triangulating...Done. (659points, 0.0582218s, mean reproj err = 14.0017)
triangulation reproj error 14.0017
test triangulate
528/659 = 80.1214% are in front of camera
513/659 = 77.8452% are in front of camera
filtered out 169 high-error points
356/490 points were found in other views, adding 134 new
before triangulation: 1469 after 1469
======================== Bundle Adjustment ==========================
N (cams) = 2 M (points) = 490 K (measurements) = 980
intrinsic before bundle = [ 637.813 0 329.632 
0 637.813 238.969 
0 0 1 ]
Read the 3D points.
Read the cameras.
Read 980 valid 2D measurements.
mean reprojection error (in pixels): 6.75762
K0 = [ 1 0 0.516815 
0 1 0.37467 
0 0 1 ]
optimizer status = 0
refined K = [ 0.991407 0 0.520806 
0 0.991407 0.371069 
0 0 1 ]
Knew = [ 632.332 0 332.177 
0 632.332 236.672 
0 0 1 ]
mean reprojection error (in pixels): 1.75372
use new K 
[632.3321141395646, 0, 332.1768411731489;
  0, 632.3321141395646, 236.6723145992361;
  0, 0, 1]
F keeping 1426 / 1535
1535 matches before, 1426 new matches after Fundamental Matrix
-----------------------------------------------------------------
find 2d 3d correspondences
query frame keypoints: 2432
train frame keypoints: 2458
match size: 1535
-----------------------------------------------------------------
found 967 3d-2d point correspondences
-------------------------------------------------------------------------
find pose estimation
3d point: 967
2d point: 967
inliers size: 288
projected point: 967
--------------------------------------------------------------------------
(288/967)
found t = [0.781675589101883; -0.9140909107177402; -0.4611892360943326]
R = 
[0.9966413261359634, -0.04045320924848812, -0.07120115799231279;
  0.0454329851085805, 0.9965280383047076, 0.06976899552591197;
  0.06813157052403647, -0.07276954537489742, 0.9950189356810548]
frame pose [0.9966413261359634, -0.04045320924848812, -0.07120115799231279, 0.781675589101883;
  0.0454329851085805, 0.9965280383047076, 0.06976899552591197, -0.9140909107177402;
  0.06813157052403647, -0.07276954537489742, 0.9950189356810548, -0.4611892360943326]
next to triangulate ,inliers size: 288
match size: 1535
match size: 288
begin triangulation
p query index 4
[0.9966413261359634, -0.04045320924848812, -0.07120115799231279, 0.781675589101883;
  0.0454329851085805, 0.9965280383047076, 0.06976899552591197, -0.9140909107177402;
  0.06813157052403647, -0.07276954537489742, 0.9950189356810548, -0.4611892360943326]
p train index 1
[0.9998137968640726, 0.002747929588382881, -0.01910027442798386, 0.1995964988099379;
  -0.002637224277600288, 0.9999795932158055, 0.005818779946126043, 0.4538180137683222;
  0.01911587425038779, -0.005767324763622466, 0.9998006407863085, -1.908269521791922]
getalign
triangulate points
Triangulating...Done. (288points, 0.0251592s, mean reproj err = 26.9615)
triangulation reproj error 26.9615
test triangulate
287/288 = 99.6528% are in front of camera
287/288 = 99.6528% are in front of camera
filtered out 87 high-error points
145/201 points were found in other views, adding 56 new
before triangulation: 1525 after 1525
======================== Bundle Adjustment ==========================
N (cams) = 2 M (points) = 201 K (measurements) = 402
intrinsic before bundle = [ 632.332 0 332.177 
0 632.332 236.672 
0 0 1 ]
Read the 3D points.
Read the cameras.
Read 402 valid 2D measurements.
mean reprojection error (in pixels): 16.2172
K0 = [ 1 0 0.52532 
0 1 0.374285 
0 0 1 ]
optimizer status = 0
refined K = [ 1.06055 0 0.588913 
0 1.06055 0.350975 
0 0 1 ]
Knew = [ 670.621 0 372.389 
0 670.621 221.933 
0 0 1 ]
mean reprojection error (in pixels): 1.62849
use new K 
[670.6213932200935, 0, 372.3885712534974;
  0, 670.6213932200935, 221.9325932402678;
  0, 0, 1]
F keeping 1452 / 1548
1548 matches before, 1452 new matches after Fundamental Matrix
-----------------------------------------------------------------
find 2d 3d correspondences
query frame keypoints: 2518
train frame keypoints: 2458
match size: 1548
-----------------------------------------------------------------
found 1022 3d-2d point correspondences
-------------------------------------------------------------------------
find pose estimation
3d point: 1022
2d point: 1022
inliers size: 502
projected point: 1022
--------------------------------------------------------------------------
(502/1022)
found t = [0.5492106803114334; -0.2036194758512898; 0.6306938839532634]
R = 
[0.9940949759301142, -0.008509480023821632, -0.1081793306516077;
  0.01365100206641143, 0.9988074140907244, 0.04687643011133644;
  0.1076514234605772, -0.04807637992948679, 0.9930255951987276]
frame pose [0.9940949759301142, -0.008509480023821632, -0.1081793306516077, 0.5492106803114334;
  0.01365100206641143, 0.9988074140907244, 0.04687643011133644, -0.2036194758512898;
  0.1076514234605772, -0.04807637992948679, 0.9930255951987276, 0.6306938839532634]
next to triangulate ,inliers size: 502
match size: 1548
match size: 502
begin triangulation
p query index 5
[0.9940949759301142, -0.008509480023821632, -0.1081793306516077, 0.5492106803114334;
  0.01365100206641143, 0.9988074140907244, 0.04687643011133644, -0.2036194758512898;
  0.1076514234605772, -0.04807637992948679, 0.9930255951987276, 0.6306938839532634]
p train index 1
[0.9984836870866894, -0.01370337572122109, -0.05331551477396802, -0.3621407786545681;
  0.01619933423713151, 0.9987790967261875, 0.04666794952742044, -0.007198465725088993;
  0.05261091324092219, -0.0474608621567626, 0.9974866206477618, -0.1739153826511699]
getalign
triangulate points
Triangulating...Done. (502points, 0.0447642s, mean reproj err = 3.14155)
triangulation reproj error 3.14155
test triangulate
496/502 = 98.8048% are in front of camera
496/502 = 98.8048% are in front of camera
filtered out 11 high-error points
375/491 points were found in other views, adding 116 new
before triangulation: 1641 after 1641
======================== Bundle Adjustment ==========================
N (cams) = 2 M (points) = 491 K (measurements) = 982
intrinsic before bundle = [ 670.621 0 372.389 
0 670.621 221.933 
0 0 1 ]
Read the 3D points.
Read the cameras.
Read 982 valid 2D measurements.
mean reprojection error (in pixels): 16.1174
K0 = [ 1 0 0.555289 
0 1 0.330936 
0 0 1 ]
optimizer status = 0
refined K = [ 1.06471 0 0.639892 
0 1.06471 0.29714 
0 0 1 ]
Knew = [ 714.019 0 429.125 
0 714.019 199.268 
0 0 1 ]
mean reprojection error (in pixels): 1.57655
use new K 
[714.0188483023009, 0, 429.1250992841389;
  0, 714.0188483023009, 199.2681596958717;
  0, 0, 1]
F keeping 1249 / 1529
1529 matches before, 1249 new matches after Fundamental Matrix
-----------------------------------------------------------------
find 2d 3d correspondences
query frame keypoints: 2529
train frame keypoints: 2458
match size: 1529
-----------------------------------------------------------------
found 1068 3d-2d point correspondences
-------------------------------------------------------------------------
find pose estimation
3d point: 1068
2d point: 1068
inliers size: 505
projected point: 1068
--------------------------------------------------------------------------
(505/1068)
found t = [-0.8198079553274384; 0.1748599407890269; 1.317004766745322]
R = 
[0.9947535527694963, -0.01429060170330248, -0.1012973245225285;
  0.01906501481154896, 0.9987445945781964, 0.04632234893730591;
  0.1005081810734843, -0.04801055617040564, 0.9937771842991305]
frame pose [0.9947535527694963, -0.01429060170330248, -0.1012973245225285, -0.8198079553274384;
  0.01906501481154896, 0.9987445945781964, 0.04632234893730591, 0.1748599407890269;
  0.1005081810734843, -0.04801055617040564, 0.9937771842991305, 1.317004766745322]
next to triangulate ,inliers size: 505
match size: 1529
match size: 505
begin triangulation
p query index 6
[0.9947535527694963, -0.01429060170330248, -0.1012973245225285, -0.8198079553274384;
  0.01906501481154896, 0.9987445945781964, 0.04632234893730591, 0.1748599407890269;
  0.1005081810734843, -0.04801055617040564, 0.9937771842991305, 1.317004766745322]
p train index 1
[0.9947651688616539, -0.001219781811363335, -0.102180090780824, -0.7593036291170816;
  0.007982123504656389, 0.9978010410791951, 0.06579793405290085, 0.08816035720158791;
  0.1018751418354899, -0.06626910708321146, 0.9925874575685471, 0.89653044167178]
getalign
triangulate points
Triangulating...Done. (505points, 0.0439072s, mean reproj err = 28.907)
triangulation reproj error 28.907
test triangulate
486/505 = 96.2376% are in front of camera
481/505 = 95.2475% are in front of camera
filtered out 68 high-error points
360/437 points were found in other views, adding 77 new
before triangulation: 1718 after 1718
======================== Bundle Adjustment ==========================
N (cams) = 2 M (points) = 437 K (measurements) = 874
intrinsic before bundle = [ 714.019 0 429.125 
0 714.019 199.268 
0 0 1 ]
Read the 3D points.
Read the cameras.
Read 874 valid 2D measurements.
mean reprojection error (in pixels): 10.1496
K0 = [ 1 0 0.601 
0 1 0.27908 
0 0 1 ]
optimizer status = 0
refined K = [ 1.00343 0 0.589758 
0 1.00343 0.301096 
0 0 1 ]
Knew = [ 716.471 0 421.098 
0 716.471 214.988 
0 0 1 ]
mean reprojection error (in pixels): 1.17593
use new K 
[716.4708748825431, 0, 421.0983104219823;
  0, 716.4708748825431, 214.9880870199573;
  0, 0, 1]
F keeping 1327 / 1491
1491 matches before, 1327 new matches after Fundamental Matrix
-----------------------------------------------------------------
find 2d 3d correspondences
query frame keypoints: 2543
train frame keypoints: 2458
match size: 1491
-----------------------------------------------------------------
found 1095 3d-2d point correspondences
-------------------------------------------------------------------------
find pose estimation
3d point: 1095
2d point: 1095
inliers size: 778
projected point: 1095
--------------------------------------------------------------------------
(778/1095)
found t = [-0.629106201600631; -0.1158310656254162; 1.256812989395048]
R = 
[0.9944033210523, -0.0165086562369035, -0.1043527639758915;
  0.0212445199151474, 0.998786327472, 0.04443582370756386;
  0.1034925381548412, -0.04640405504098253, 0.9935471595359841]
frame pose [0.9944033210523, -0.0165086562369035, -0.1043527639758915, -0.629106201600631;
  0.0212445199151474, 0.998786327472, 0.04443582370756386, -0.1158310656254162;
  0.1034925381548412, -0.04640405504098253, 0.9935471595359841, 1.256812989395048]
next to triangulate ,inliers size: 778
match size: 1491
match size: 778
begin triangulation
p query index 7
[0.9944033210523, -0.0165086562369035, -0.1043527639758915, -0.629106201600631;
  0.0212445199151474, 0.998786327472, 0.04443582370756386, -0.1158310656254162;
  0.1034925381548412, -0.04640405504098253, 0.9935471595359841, 1.256812989395048]
p train index 1
[0.99456911014608, -0.001135283831854208, -0.1040720724971686, -0.451645530564819;
  0.007062007855944085, 0.9983721004680377, 0.05659750040487844, 0.00124982695113505;
  0.103838399391927, -0.0570250834077318, 0.9929580689405086, 0.03082316633137233]
getalign
triangulate points
Triangulating...Done. (778points, 0.0687246s, mean reproj err = 13.4534)
triangulation reproj error 13.4534
test triangulate
449/778 = 57.7121% are in front of camera
Triangulation did not succeed
F keeping 1392 / 1486
1486 matches before, 1392 new matches after Fundamental Matrix
-----------------------------------------------------------------
find 2d 3d correspondences
query frame keypoints: 2533
train frame keypoints: 2458
match size: 1486
-----------------------------------------------------------------
found 1094 3d-2d point correspondences
-------------------------------------------------------------------------
find pose estimation
3d point: 1094
2d point: 1094
inliers size: 118
projected point: 1094
--------------------------------------------------------------------------
(118/1094)
not enough inliers to consider a good pose (118/1094)
lost a frame
F keeping 1396 / 1492
1492 matches before, 1396 new matches after Fundamental Matrix
-----------------------------------------------------------------
find 2d 3d correspondences
query frame keypoints: 2501
train frame keypoints: 2458
match size: 1492
-----------------------------------------------------------------
found 1084 3d-2d point correspondences
-------------------------------------------------------------------------
find pose estimation
3d point: 1084
2d point: 1084
inliers size: 335
projected point: 1084
--------------------------------------------------------------------------
(335/1084)
found t = [-0.6931365484277987; -0.1793648497382081; 2.473893983026466]
R = 
[0.993133248992489, -0.02037908380842392, -0.1152000116699301;
  0.02593192152719695, 0.9985624468994278, 0.04691028765777162;
  0.114078416852313, -0.0495755240552918, 0.9922340360132347]
frame pose [0.993133248992489, -0.02037908380842392, -0.1152000116699301, -0.6931365484277987;
  0.02593192152719695, 0.9985624468994278, 0.04691028765777162, -0.1793648497382081;
  0.114078416852313, -0.0495755240552918, 0.9922340360132347, 2.473893983026466]
next to triangulate ,inliers size: 335
match size: 1492
match size: 335
begin triangulation
p query index 8
[0.993133248992489, -0.02037908380842392, -0.1152000116699301, -0.6931365484277987;
  0.02593192152719695, 0.9985624468994278, 0.04691028765777162, -0.1793648497382081;
  0.114078416852313, -0.0495755240552918, 0.9922340360132347, 2.473893983026466]
p train index 1
[0.99456911014608, -0.001135283831854208, -0.1040720724971686, -0.451645530564819;
  0.007062007855944085, 0.9983721004680377, 0.05659750040487844, 0.00124982695113505;
  0.103838399391927, -0.0570250834077318, 0.9929580689405086, 0.03082316633137233]
getalign
triangulate points
Triangulating...Done. (335points, 0.0286468s, mean reproj err = 12.4745)
triangulation reproj error 12.4745
test triangulate
216/335 = 64.4776% are in front of camera
Triangulation did not succeed
F keeping 1371 / 1455
1455 matches before, 1371 new matches after Fundamental Matrix
-----------------------------------------------------------------
find 2d 3d correspondences
query frame keypoints: 2497
train frame keypoints: 2458
match size: 1455
-----------------------------------------------------------------
found 1043 3d-2d point correspondences
-------------------------------------------------------------------------
find pose estimation
3d point: 1043
2d point: 1043
inliers size: 628
projected point: 1043
--------------------------------------------------------------------------
(628/1043)
found t = [-0.4774303096155768; -0.1413113843559863; 0.4445961989632377]
R = 
[0.9949337302085174, -0.01395438860119938, -0.09955976864241774;
  0.01893448380992592, 0.9986068475182482, 0.04925291273130666;
  0.09873377241965732, -0.05088849701487334, 0.9938118549581457]
frame pose [0.9949337302085174, -0.01395438860119938, -0.09955976864241774, -0.4774303096155768;
  0.01893448380992592, 0.9986068475182482, 0.04925291273130666, -0.1413113843559863;
  0.09873377241965732, -0.05088849701487334, 0.9938118549581457, 0.4445961989632377]
next to triangulate ,inliers size: 628
match size: 1455
match size: 628
begin triangulation
p query index 9
[0.9949337302085174, -0.01395438860119938, -0.09955976864241774, -0.4774303096155768;
  0.01893448380992592, 0.9986068475182482, 0.04925291273130666, -0.1413113843559863;
  0.09873377241965732, -0.05088849701487334, 0.9938118549581457, 0.4445961989632377]
p train index 1
[0.99456911014608, -0.001135283831854208, -0.1040720724971686, -0.451645530564819;
  0.007062007855944085, 0.9983721004680377, 0.05659750040487844, 0.00124982695113505;
  0.103838399391927, -0.0570250834077318, 0.9929580689405086, 0.03082316633137233]
getalign
triangulate points
Triangulating...Done. (628points, 0.0541197s, mean reproj err = 17.7825)
triangulation reproj error 17.7825
test triangulate
509/628 = 81.051% are in front of camera
490/628 = 78.0255% are in front of camera
filtered out 180 high-error points
409/448 points were found in other views, adding 39 new
before triangulation: 1757 after 1757
======================== Bundle Adjustment ==========================
N (cams) = 2 M (points) = 448 K (measurements) = 896
intrinsic before bundle = [ 716.471 0 421.098 
0 716.471 214.988 
0 0 1 ]
Read the 3D points.
Read the cameras.
Read 896 valid 2D measurements.
mean reprojection error (in pixels): 14.2403
K0 = [ 1 0 0.58774 
0 1 0.300065 
0 0 1 ]
optimizer status = 0
refined K = [ 1.03231 0 0.580653 
0 1.03231 0.35914 
0 0 1 ]
Knew = [ 739.617 0 416.021 
0 739.617 257.314 
0 0 1 ]
mean reprojection error (in pixels): 1.39541
use new K 
[739.6167690179802, 0, 416.0210860438565;
  0, 739.6167690179802, 257.313524349872;
  0, 0, 1]
F keeping 1221 / 1496
1496 matches before, 1221 new matches after Fundamental Matrix
-----------------------------------------------------------------
find 2d 3d correspondences
query frame keypoints: 2562
train frame keypoints: 2458
match size: 1496
-----------------------------------------------------------------
found 1096 3d-2d point correspondences
-------------------------------------------------------------------------
find pose estimation
3d point: 1096
2d point: 1096
inliers size: 620
projected point: 1096
--------------------------------------------------------------------------
(620/1096)
found t = [-0.4210035791709141; -0.2787803102190343; 0.3552264434470125]
R = 
[0.9956994932327379, -0.01299879579617505, -0.09172540806078908;
  0.01375835052933418, 0.9998760600599469, 0.00765325484415252;
  0.09161455652231745, -0.008882332286450211, 0.9957549282862587]
frame pose [0.9956994932327379, -0.01299879579617505, -0.09172540806078908, -0.4210035791709141;
  0.01375835052933418, 0.9998760600599469, 0.00765325484415252, -0.2787803102190343;
  0.09161455652231745, -0.008882332286450211, 0.9957549282862587, 0.3552264434470125]
next to triangulate ,inliers size: 620
match size: 1496
match size: 620
begin triangulation
p query index 10
[0.9956994932327379, -0.01299879579617505, -0.09172540806078908, -0.4210035791709141;
  0.01375835052933418, 0.9998760600599469, 0.00765325484415252, -0.2787803102190343;
  0.09161455652231745, -0.008882332286450211, 0.9957549282862587, 0.3552264434470125]
p train index 1
[0.9952477404498685, -9.823981210677582e-005, -0.09737517896451499, -0.2051221219033845;
  0.004373572975418598, 0.9990354181908945, 0.04369330680518843, -0.3825454965198665;
  0.09727696021597652, -0.0439115423218424, 0.9942881722428646, -0.7391659196328814]
getalign
triangulate points
Triangulating...Done. (620points, 0.0533173s, mean reproj err = 43.2109)
triangulation reproj error 43.2109
test triangulate
612/620 = 98.7097% are in front of camera
600/620 = 96.7742% are in front of camera
filtered out 131 high-error points
457/489 points were found in other views, adding 32 new
before triangulation: 1789 after 1789
======================== Bundle Adjustment ==========================
N (cams) = 2 M (points) = 489 K (measurements) = 978
intrinsic before bundle = [ 739.617 0 416.021 
0 739.617 257.314 
0 0 1 ]
Read the 3D points.
Read the cameras.
Read 978 valid 2D measurements.
mean reprojection error (in pixels): 32.5976
K0 = [ 1 0 0.562482 
0 1 0.347901 
0 0 1 ]
optimizer status = 1
refined K = [ 0.99683 0 0.560775 
0 0.99683 0.347718 
0 0 1 ]
Knew = [ 737.272 0 414.758 
0 737.272 257.178 
0 0 1 ]
mean reprojection error (in pixels): 2.19026
use new K 
[737.2720850414372, 0, 414.7582613324378;
  0, 737.2720850414372, 257.1780846180273;
  0, 0, 1]
F keeping 1316 / 1482
1482 matches before, 1316 new matches after Fundamental Matrix
-----------------------------------------------------------------
find 2d 3d correspondences
query frame keypoints: 2614
train frame keypoints: 2458
match size: 1482
-----------------------------------------------------------------
found 1126 3d-2d point correspondences
-------------------------------------------------------------------------
find pose estimation
3d point: 1126
2d point: 1126
inliers size: 136
projected point: 1126
--------------------------------------------------------------------------
(136/1126)
not enough inliers to consider a good pose (136/1126)
lost a frame
F keeping 1384 / 1470
1470 matches before, 1384 new matches after Fundamental Matrix
-----------------------------------------------------------------
find 2d 3d correspondences
query frame keypoints: 2694
train frame keypoints: 2458
match size: 1470
-----------------------------------------------------------------
found 1134 3d-2d point correspondences
-------------------------------------------------------------------------
find pose estimation
3d point: 1134
2d point: 1134
inliers size: 289
projected point: 1134
--------------------------------------------------------------------------
(289/1134)
found t = [0.153314282559764; -0.3622495006807491; 0.6243783035479193]
R = 
[0.9913685359109041, -0.05810475118918636, -0.1175255882568269;
  0.05907033061180159, 0.9982425391519574, 0.004746479628671847;
  0.1170432486189738, -0.01164778591388457, 0.9930585113859211]
frame pose [0.9913685359109041, -0.05810475118918636, -0.1175255882568269, 0.153314282559764;
  0.05907033061180159, 0.9982425391519574, 0.004746479628671847, -0.3622495006807491;
  0.1170432486189738, -0.01164778591388457, 0.9930585113859211, 0.6243783035479193]
next to triangulate ,inliers size: 289
match size: 1470
match size: 289
begin triangulation
p query index 11
[0.9913685359109041, -0.05810475118918636, -0.1175255882568269, 0.153314282559764;
  0.05907033061180159, 0.9982425391519574, 0.004746479628671847, -0.3622495006807491;
  0.1170432486189738, -0.01164778591388457, 0.9930585113859211, 0.6243783035479193]
p train index 1
[0.9954253970130025, 0.003841022679057847, -0.09546478683937062, -0.2587167655124179;
  -0.0009140460392448469, 0.9995286831336468, 0.03068511223630966, -0.2441067973178334;
  0.09553765488719955, -0.03045748081991916, 0.9949597471057602, -0.4071991390841855]
getalign
triangulate points
Triangulating...Done. (289points, 0.0253866s, mean reproj err = 9.14146)
triangulation reproj error 9.14146
test triangulate
281/289 = 97.2318% are in front of camera
281/289 = 97.2318% are in front of camera
filtered out 20 high-error points
250/269 points were found in other views, adding 19 new
before triangulation: 1808 after 1808
======================== Bundle Adjustment ==========================
N (cams) = 2 M (points) = 269 K (measurements) = 538
intrinsic before bundle = [ 737.272 0 414.758 
0 737.272 257.178 
0 0 1 ]
Read the 3D points.
Read the cameras.
Read 538 valid 2D measurements.
mean reprojection error (in pixels): 28.5516
K0 = [ 1 0 0.562558 
0 1 0.348824 
0 0 1 ]
optimizer status = 0
refined K = [ 0.962008 0 0.554868 
0 0.962008 0.345035 
0 0 1 ]
Knew = [ 709.262 0 409.089 
0 709.262 254.384 
0 0 1 ]
mean reprojection error (in pixels): 1.76469
use new K 
[709.2619020214758, 0, 409.0887727302785;
  0, 709.2619020214758, 254.3843368267028;
  0, 0, 1]
F keeping 1258 / 1494
1494 matches before, 1258 new matches after Fundamental Matrix
-----------------------------------------------------------------
find 2d 3d correspondences
query frame keypoints: 2655
train frame keypoints: 2458
match size: 1494
-----------------------------------------------------------------
found 1150 3d-2d point correspondences
-------------------------------------------------------------------------
find pose estimation
3d point: 1150
2d point: 1150
inliers size: 519
projected point: 1150
--------------------------------------------------------------------------
(519/1150)
found t = [-1.141133824238364; -0.4814936236915446; 0.5850878779875846]
R = 
[0.9993060888403187, -0.01922564797467308, -0.03190164990434008;
  0.01959146440901185, 0.9997453986971406, 0.01119429793268883;
  0.03167831007133358, -0.01181153012311817, 0.9994283228061806]
frame pose [0.9993060888403187, -0.01922564797467308, -0.03190164990434008, -1.141133824238364;
  0.01959146440901185, 0.9997453986971406, 0.01119429793268883, -0.4814936236915446;
  0.03167831007133358, -0.01181153012311817, 0.9994283228061806, 0.5850878779875846]
next to triangulate ,inliers size: 519
match size: 1494
match size: 519
begin triangulation
p query index 12
[0.9993060888403187, -0.01922564797467308, -0.03190164990434008, -1.141133824238364;
  0.01959146440901185, 0.9997453986971406, 0.01119429793268883, -0.4814936236915446;
  0.03167831007133358, -0.01181153012311817, 0.9994283228061806, 0.5850878779875846]
p train index 1
[0.9940315695025749, -0.01533484690299191, -0.1080096352308912, -0.04117389278418743;
  0.01780247984029224, 0.9996012285764664, 0.02191929606427789, -0.004941643495182058;
  0.1076304350255277, -0.02371131162292097, 0.9939081764214121, -1.672523120016785]
getalign
triangulate points
Triangulating...Done. (519points, 0.0453174s, mean reproj err = 58.9679)
triangulation reproj error 58.9679
test triangulate
507/519 = 97.6879% are in front of camera
460/519 = 88.632% are in front of camera
filtered out 113 high-error points
360/406 points were found in other views, adding 46 new
before triangulation: 1854 after 1854
======================== Bundle Adjustment ==========================
N (cams) = 2 M (points) = 406 K (measurements) = 812
intrinsic before bundle = [ 709.262 0 409.089 
0 709.262 254.384 
0 0 1 ]
Read the 3D points.
Read the cameras.
Read 812 valid 2D measurements.
mean reprojection error (in pixels): 62.5001
K0 = [ 1 0 0.576781 
0 1 0.358661 
0 0 1 ]
optimizer status = 0
refined K = [ 0.996285 0 0.566702 
0 0.996285 0.358453 
0 0 1 ]
Knew = [ 706.627 0 401.94 
0 706.627 254.237 
0 0 1 ]
mean reprojection error (in pixels): 2.86899
use new K 
[706.6271257890946, 0, 401.9402338605416;
  0, 706.6271257890946, 254.2373590559555;
  0, 0, 1]
F keeping 1381 / 1469
1469 matches before, 1381 new matches after Fundamental Matrix
-----------------------------------------------------------------
find 2d 3d correspondences
query frame keypoints: 2645
train frame keypoints: 2458
match size: 1469
-----------------------------------------------------------------
found 1160 3d-2d point correspondences
-------------------------------------------------------------------------
find pose estimation
3d point: 1160
2d point: 1160
inliers size: 411
projected point: 1160
--------------------------------------------------------------------------
(411/1160)
found t = [0.1408927378942071; 0.1367032360198621; -1.363126737871601]
R = 
[0.9957128933373681, -0.037295437995284, -0.08464563985502621;
  0.03792217756925983, 0.999263816977875, 0.00580797100658687;
  0.08436671434951348, -0.008993018600434079, 0.9963941906325627]
frame pose [0.9957128933373681, -0.037295437995284, -0.08464563985502621, 0.1408927378942071;
  0.03792217756925983, 0.999263816977875, 0.00580797100658687, 0.1367032360198621;
  0.08436671434951348, -0.008993018600434079, 0.9963941906325627, -1.363126737871601]
next to triangulate ,inliers size: 411
match size: 1469
match size: 411
begin triangulation
p query index 13
[0.9957128933373681, -0.037295437995284, -0.08464563985502621, 0.1408927378942071;
  0.03792217756925983, 0.999263816977875, 0.00580797100658687, 0.1367032360198621;
  0.08436671434951348, -0.008993018600434079, 0.9963941906325627, -1.363126737871601]
p train index 1
[0.9965430476747861, -0.003629963801707313, -0.08299865959067014, -0.3770082450894292;
  0.005346987617068636, 0.9997760781271898, 0.02047445550035097, -0.2030997863247395;
  0.08290575284304796, -0.02084746908886611, 0.996339309260714, -0.2042429565070474]
getalign
triangulate points
Triangulating...Done. (411points, 0.035s, mean reproj err = 21.2315)
triangulation reproj error 21.2315
test triangulate
345/411 = 83.9416% are in front of camera
372/411 = 90.5109% are in front of camera
filtered out 69 high-error points
324/342 points were found in other views, adding 18 new
before triangulation: 1872 after 1872
======================== Bundle Adjustment ==========================
N (cams) = 2 M (points) = 342 K (measurements) = 684
intrinsic before bundle = [ 706.627 0 401.94 
0 706.627 254.237 
0 0 1 ]
Read the 3D points.
Read the cameras.
Read 684 valid 2D measurements.
mean reprojection error (in pixels): 24.0681
K0 = [ 1 0 0.568815 
0 1 0.35979 
0 0 1 ]
optimizer status = 0
refined K = [ 0.997193 0 0.563936 
0 0.997193 0.360801 
0 0 1 ]
Knew = [ 704.644 0 398.493 
0 704.644 254.952 
0 0 1 ]
mean reprojection error (in pixels): 2.21455
use new K 
[704.6439628243268, 0, 398.4928257044565;
  0, 704.6439628243268, 254.9520928919385;
  0, 0, 1]
F keeping 1321 / 1423
1423 matches before, 1321 new matches after Fundamental Matrix
-----------------------------------------------------------------
find 2d 3d correspondences
query frame keypoints: 2667
train frame keypoints: 2458
match size: 1423
-----------------------------------------------------------------
found 1136 3d-2d point correspondences
-------------------------------------------------------------------------
find pose estimation
3d point: 1136
2d point: 1136
inliers size: 392
projected point: 1136
--------------------------------------------------------------------------
(392/1136)
found t = [-0.3810505519492322; -0.3731556611454523; 0.2814439000815128]
R = 
[0.9965263854088297, -0.01027918344587047, -0.08264079846963549;
