hello world
preprocessor begin
camera open successfully
getFirst  0
getSecond  0
Frame size: 640  480
get first is true now
create first keyframe
keyframe number: 1
first keyframe keypoints number: 1973F keeping 1181 / 1269
1269 matches before, 1181 new matches after Fundamental Matrix
F keeping 1139 / 1235
1235 matches before, 1139 new matches after Fundamental Matrix
F keeping 1154 / 1249
1249 matches before, 1154 new matches after Fundamental Matrix
F keeping 1036 / 1200
1200 matches before, 1036 new matches after Fundamental Matrix
F keeping 1103 / 1224
1224 matches before, 1103 new matches after Fundamental Matrix
F keeping 1093 / 1219
1219 matches before, 1093 new matches after Fundamental Matrix
F keeping 1146 / 1238
1238 matches before, 1146 new matches after Fundamental Matrix
F keeping 1027 / 1191
1191 matches before, 1027 new matches after Fundamental Matrix
F keeping 1077 / 1216
1216 matches before, 1077 new matches after Fundamental Matrix
F keeping 1038 / 1178
1178 matches before, 1038 new matches after Fundamental Matrix
F keeping 1077 / 1207
1207 matches before, 1077 new matches after Fundamental Matrix
F keeping 1090 / 1197
1197 matches before, 1090 new matches after Fundamental Matrix
F keeping 983 / 1174
1174 matches before, 983 new matches after Fundamental Matrix
F keeping 1012 / 1196
1196 matches before, 1012 new matches after Fundamental Matrix
F keeping 1052 / 1183
1183 matches before, 1052 new matches after Fundamental Matrix
F keeping 1015 / 1204
1204 matches before, 1015 new matches after Fundamental Matrix
F keeping 1003 / 1188
1188 matches before, 1003 new matches after Fundamental Matrix
get second is true now
F keeping 1138 / 1213
1213 matches before, 1138 new matches after Fundamental Matrix
F keeping 1138 / 1213
1213 matches before, 1138 new matches after Fundamental Matrix
=========================== Baseline triangulation ===========================
Find camera matrices...
before fundamentalMat 1213
F keeping 1138 / 1213
1213 matches before, 1138 new matches after Fundamental Matrix
after fundamentalMat 1138
K
[640, 0, 320;
  0, 640, 240;
  0, 0, 1]
F
[6.115538476136137e-007, -3.131876974346842e-005, 0.02630687155240205;
  2.852140835371509e-005, 2.597948364335483e-006, -0.1269654753420236;
  -0.02686161237117613, 0.1257095848280694, 1]
det(F)
8.39489e-020
E
[0.2504924559825362, -12.82816808692466, 12.15108098893183;
  11.6823688616817, 1.064119650031814, -75.01767491929235;
  -12.68529736643081, 74.439095115264, 0.518496799691583]
----------------------- SVD ------------------------
U:
[-0.221261741415431, -0.06034093523520798, 0.9733458857573455;
  0.8400516753706486, -0.5187436056402832, 0.1588025639411555;
  0.4953346590869423, 0.8527977738844413, 0.165467617269857]
W:
[77.10102830205688; 76.38933812930888; 2.391319830648519e-012]
Vt:
[0.04506945974183968, 0.5266409930029862, -0.8488922241883283;
  -0.2211468624240466, 0.8339325167612232, 0.5056190490164428;
  0.97419854703165, 0.1649418745410654, 0.1540498912180758]
----------------------------------------------------
singular value ratio: 0.990769
P
[1, 0, 0, 0;
  0, 1, 0, 0;
  0, 0, 1, 0]
Testing P1 
[0.8965812744241689, 0.3132848458041928, 0.3130409298180925, 0.9733458857573455;
  0.3171005252879156, -0.9475448628612937, 0.04007480165016267, 0.1588025639411555;
  0.3091751529700612, 0.06333512654613575, -0.9488937698875065, 0.165467617269857]
test branch 1
Triangulating...Done. (1138points, 0.0987091s, mean reproj err = 1.27396)
Triangulating...Done. (1138points, 0.0976539s, mean reproj err = 1.2661)
765/1138 = 67.2232% are in front of camera
P
[1, 0, 0, 0;
  0, 1, 0, 0;
  0, 0, 1, 0]
Testing P1 
[0.8965812744241689, 0.3132848458041928, 0.3130409298180925, -0.9733458857573455;
  0.3171005252879156, -0.9475448628612937, 0.04007480165016267, -0.1588025639411555;
  0.3091751529700612, 0.06333512654613575, -0.9488937698875065, -0.165467617269857]
test branch 2
Triangulating...Done. (1138points, 0.0935249s, mean reproj err = 1.27396)
Triangulating...Done. (1138points, 0.0942546s, mean reproj err = 1.2661)
373/1138 = 32.7768% are in front of camera
P
[1, 0, 0, 0;
  0, 1, 0, 0;
  0, 0, 1, 0]
Testing P1 
[0.9998830209039119, 0.007806144143107652, -0.01315327418113124, 0.9733458857573455;
  -0.007690071175166763, 0.9999312480180569, 0.008852233750410367, 0.1588025639411555;
  0.01322147168010646, -0.008750048609468226, 0.9998743067685779, 0.165467617269857]
test branch 3
Triangulating...Done. (1138points, 0.0937151s, mean reproj err = 1.99842)
Triangulating...Done. (1138points, 0.093524s, mean reproj err = 1.95549)
78/1138 = 6.85413% are in front of camera
P
[1, 0, 0, 0;
  0, 1, 0, 0;
  0, 0, 1, 0]
Testing P1 
[0.9998830209039119, 0.007806144143107652, -0.01315327418113124, -0.9733458857573455;
  -0.007690071175166763, 0.9999312480180569, 0.008852233750410367, -0.1588025639411555;
  0.01322147168010646, -0.008750048609468226, 0.9998743067685779, -0.165467617269857]
test branch 4
Triangulating...Done. (1138points, 0.0940775s, mean reproj err = 1.99842)
Triangulating...Done. (1138points, 0.09543s, mean reproj err = 1.95549)
1060/1138 = 93.1459% are in front of camera
1060/1138 = 93.1459% are in front of camera
Done. (0.807559s)
begin triangulation
p query index 1
[1, 0, 0, 0;
  0, 1, 0, 0;
  0, 0, 1, 0]
p train index 0
[0.9998830209039119, 0.007806144143107652, -0.01315327418113124, -0.9733458857573455;
  -0.007690071175166763, 0.9999312480180569, 0.008852233750410367, -0.1588025639411555;
  0.01322147168010646, -0.008750048609468226, 0.9998743067685779, -0.165467617269857]
getalign
triangulate points
Triangulating...Done. (1138points, 0.0993403s, mean reproj err = 1.99842)
triangulation reproj error 1.99842
test triangulate
1060/1138 = 93.1459% are in front of camera
1060/1138 = 93.1459% are in front of camera
filtered out 88 high-error points
0/1050 points were found in other views, adding 1050 new
 after 1050
create second keyframe
create init map
keyframe number: 2
second keyframe keypoints number: 2280
point number: 1050
1050/1973
1050/2280
start tracking is true now
F keeping 1298 / 1435
1435 matches before, 1298 new matches after Fundamental Matrix
-----------------------------------------------------------------
find 2d 3d correspondences
query frame keypoints: 2306
train frame keypoints: 2280
match size: 1435
-----------------------------------------------------------------
found 714 3d-2d point correspondences
-------------------------------------------------------------------------
find pose estimation
3d point: 714
2d point: 714
inliers size: 540
projected point: 714
--------------------------------------------------------------------------
(540/714)
found t = [0.01560624209273703; 0.004361713038739445; 0.1049539198695513]
R = 
[0.9999965521975515, 0.00164828660339405, -0.00204419771126802;
  -0.001649628072741749, 0.9999984250330304, -0.0006547203069301782;
  0.002043115325013262, 0.0006580902155146431, 0.999997696295865]
frame pose [0.9999965521975515, 0.00164828660339405, -0.00204419771126802, 0.01560624209273703;
  -0.001649628072741749, 0.9999984250330304, -0.0006547203069301782, 0.004361713038739445;
  0.002043115325013262, 0.0006580902155146431, 0.999997696295865, 0.1049539198695513]
next to triangulate ,inliers size: 540
match size: 1435
match size: 540
begin triangulation
p query index 2
[0.9999965521975515, 0.00164828660339405, -0.00204419771126802, 0.01560624209273703;
  -0.001649628072741749, 0.9999984250330304, -0.0006547203069301782, 0.004361713038739445;
  0.002043115325013262, 0.0006580902155146431, 0.999997696295865, 0.1049539198695513]
p train index 1
[1, 0, 0, 0;
  0, 1, 0, 0;
  0, 0, 1, 0]
getalign
triangulate points
Triangulating...Done. (540points, 0.0453745s, mean reproj err = 15.6827)
triangulation reproj error 15.6827
test triangulate
269/540 = 49.8148% are in front of camera
Triangulation did not succeed
F keeping 1338 / 1417
1417 matches before, 1338 new matches after Fundamental Matrix
-----------------------------------------------------------------
find 2d 3d correspondences
query frame keypoints: 2260
train frame keypoints: 2280
match size: 1417
-----------------------------------------------------------------
found 692 3d-2d point correspondences
-------------------------------------------------------------------------
find pose estimation
3d point: 692
2d point: 692
inliers size: 280
projected point: 692
--------------------------------------------------------------------------
(280/692)
found t = [-0.4036450312039047; -0.1729884127557138; -0.6149711406185929]
R = 
[0.9999578459386991, 0.003484659779103464, 0.008494909761788764;
  -0.003518895758009428, 0.999985734148569, 0.004018565912344447;
  -0.00848078523966376, -0.004048289215396067, 0.9999558428431463]
frame pose [0.9999578459386991, 0.003484659779103464, 0.008494909761788764, -0.4036450312039047;
  -0.003518895758009428, 0.999985734148569, 0.004018565912344447, -0.1729884127557138;
  -0.00848078523966376, -0.004048289215396067, 0.9999558428431463, -0.6149711406185929]
next to triangulate ,inliers size: 280
match size: 1417
match size: 280
begin triangulation
p query index 3
[0.9999578459386991, 0.003484659779103464, 0.008494909761788764, -0.4036450312039047;
  -0.003518895758009428, 0.999985734148569, 0.004018565912344447, -0.1729884127557138;
  -0.00848078523966376, -0.004048289215396067, 0.9999558428431463, -0.6149711406185929]
p train index 1
[1, 0, 0, 0;
  0, 1, 0, 0;
  0, 0, 1, 0]
getalign
triangulate points
Triangulating...Done. (280points, 0.0238565s, mean reproj err = 3.55694)
triangulation reproj error 3.55694
test triangulate
251/280 = 89.6429% are in front of camera
251/280 = 89.6429% are in front of camera
filtered out 39 high-error points
131/241 points were found in other views, adding 110 new
before triangulation: 1160 after 1160
======================== Bundle Adjustment ==========================
N (cams) = 2 M (points) = 241 K (measurements) = 482
intrinsic before bundle = [ 640 0 320 
0 640 240 
0 0 1 ]
Read the 3D points.
Read the cameras.
Read 482 valid 2D measurements.
mean reprojection error (in pixels): 2.81337
K0 = [ 1 0 0.5 
0 1 0.375 
0 0 1 ]
optimizer status = 0
refined K = [ 1.08523 0 0.513893 
0 1.08523 0.341727 
0 0 1 ]
Knew = [ 694.545 0 328.892 
0 694.545 218.705 
0 0 1 ]
mean reprojection error (in pixels): 0.37247
use new K 
[694.5446199321856, 0, 328.8918008196476;
  0, 694.5446199321856, 218.7051259958595;
  0, 0, 1]
F keeping 1304 / 1445
1445 matches before, 1304 new matches after Fundamental Matrix
-----------------------------------------------------------------
find 2d 3d correspondences
query frame keypoints: 2371
train frame keypoints: 2280
match size: 1445
-----------------------------------------------------------------
found 794 3d-2d point correspondences
-------------------------------------------------------------------------
find pose estimation
3d point: 794
2d point: 794
inliers size: 453
projected point: 794
--------------------------------------------------------------------------
(453/794)
found t = [0.2838967991511208; 1.057827409438698; 7.459544656140068]
R = 
[0.9997921443231024, -0.004460040662060094, -0.01989412443676878;
  0.004743829939893891, 0.9998873433246468, 0.01424067191818046;
  0.01982836925504053, -0.01433208625681055, 0.9997006687385045]
frame pose [0.9997921443231024, -0.004460040662060094, -0.01989412443676878, 0.2838967991511208;
  0.004743829939893891, 0.9998873433246468, 0.01424067191818046, 1.057827409438698;
  0.01982836925504053, -0.01433208625681055, 0.9997006687385045, 7.459544656140068]
next to triangulate ,inliers size: 453
match size: 1445
match size: 453
begin triangulation
p query index 4
[0.9997921443231024, -0.004460040662060094, -0.01989412443676878, 0.2838967991511208;
  0.004743829939893891, 0.9998873433246468, 0.01424067191818046, 1.057827409438698;
  0.01982836925504053, -0.01433208625681055, 0.9997006687385045, 7.459544656140068]
p train index 1
[0.999919011955257, 0.003082037946570342, -0.0123478974938354, -0.1067822786355399;
  -0.003063119849285356, 0.999994106280201, 0.001550710047106897, 1.53174868731334;
  0.01235260406599681, -0.001512761368221903, 0.9999225593643893, 9.420202160953544]
getalign
triangulate points
Triangulating...Done. (453points, 0.039418s, mean reproj err = 38.8455)
triangulation reproj error 38.8455
test triangulate
428/453 = 94.4812% are in front of camera
433/453 = 95.585% are in front of camera
filtered out 53 high-error points
273/400 points were found in other views, adding 127 new
before triangulation: 1287 after 1287
======================== Bundle Adjustment ==========================
N (cams) = 2 M (points) = 400 K (measurements) = 800
intrinsic before bundle = [ 694.545 0 328.892 
0 694.545 218.705 
0 0 1 ]
Read the 3D points.
Read the cameras.
Read 800 valid 2D measurements.
mean reprojection error (in pixels): 12.421
K0 = [ 1 0 0.473536 
0 1 0.31489 
0 0 1 ]
optimizer status = 0
refined K = [ 0.978285 0 0.482355 
0 0.978285 0.312829 
0 0 1 ]
Knew = [ 679.462 0 335.017 
0 679.462 217.274 
0 0 1 ]
mean reprojection error (in pixels): 0.934143
use new K 
[679.4623499640406, 0, 335.0171754551239;
  0, 679.4623499640406, 217.2736548133998;
  0, 0, 1]
F keeping 1330 / 1396
1396 matches before, 1330 new matches after Fundamental Matrix
-----------------------------------------------------------------
find 2d 3d correspondences
query frame keypoints: 2257
train frame keypoints: 2280
match size: 1396
-----------------------------------------------------------------
found 856 3d-2d point correspondences
-------------------------------------------------------------------------
find pose estimation
3d point: 856
2d point: 856
inliers size: 436
projected point: 856
--------------------------------------------------------------------------
(436/856)
found t = [-0.5565316750540044; 0.4768255482207917; 3.405580156704986]
R = 
[0.9999196388123617, 0.01096212929971207, 0.006367702770437036;
  -0.01116508342720346, 0.9994007809646548, 0.03276308775591338;
  -0.006004733917487434, -0.03283155080794218, 0.9994428610191408]
frame pose [0.9999196388123617, 0.01096212929971207, 0.006367702770437036, -0.5565316750540044;
  -0.01116508342720346, 0.9994007809646548, 0.03276308775591338, 0.4768255482207917;
  -0.006004733917487434, -0.03283155080794218, 0.9994428610191408, 3.405580156704986]
next to triangulate ,inliers size: 436
match size: 1396
match size: 436
begin triangulation
p query index 5
[0.9999196388123617, 0.01096212929971207, 0.006367702770437036, -0.5565316750540044;
  -0.01116508342720346, 0.9994007809646548, 0.03276308775591338, 0.4768255482207917;
  -0.006004733917487434, -0.03283155080794218, 0.9994428610191408, 3.405580156704986]
p train index 1
[0.9998432743405494, -0.0003834502621490455, -0.01769970965480172, 0.04793138672587779;
  0.0005569162542444485, 0.9999518569701758, 0.009796610953929818, 2.132290623182139;
  0.01769510102411352, -0.009804932829619787, 0.9997953524056565, 0.7501957140563532]
getalign
triangulate points
Triangulating...Done. (436points, 0.0373138s, mean reproj err = 28.9742)
triangulation reproj error 28.9742
test triangulate
430/436 = 98.6239% are in front of camera
427/436 = 97.9358% are in front of camera
filtered out 149 high-error points
202/287 points were found in other views, adding 85 new
before triangulation: 1372 after 1372
======================== Bundle Adjustment ==========================
N (cams) = 2 M (points) = 287 K (measurements) = 574
intrinsic before bundle = [ 679.462 0 335.017 
0 679.462 217.274 
0 0 1 ]
Read the 3D points.
Read the cameras.
Read 574 valid 2D measurements.
mean reprojection error (in pixels): 16.5662
K0 = [ 1 0 0.493062 
0 1 0.319773 
0 0 1 ]
optimizer status = 0
refined K = [ 0.99168 0 0.525598 
0 0.99168 0.319686 
0 0 1 ]
Knew = [ 673.81 0 357.124 
0 673.81 217.214 
0 0 1 ]
mean reprojection error (in pixels): 0.742562
use new K 
[673.8095512278978, 0, 357.1240646780767;
  0, 673.8095512278978, 217.2143132848113;
  0, 0, 1]
F keeping 1277 / 1420
1420 matches before, 1277 new matches after Fundamental Matrix
-----------------------------------------------------------------
find 2d 3d correspondences
query frame keypoints: 2235
train frame keypoints: 2280
match size: 1420
-----------------------------------------------------------------
found 935 3d-2d point correspondences
-------------------------------------------------------------------------
find pose estimation
3d point: 935
2d point: 935
inliers size: 402
projected point: 935
--------------------------------------------------------------------------
(402/935)
found t = [-2.146370150749414; 1.138973489702563; 5.389413315154528]
R = 
[0.9994380809659182, 0.009118527702615299, -0.03225484099634047;
  -0.00867758077891006, 0.9998673362853758, 0.01378439049841235;
  0.03237625529594271, -0.01349675079876144, 0.9993846185582846]
frame pose [0.9994380809659182, 0.009118527702615299, -0.03225484099634047, -2.146370150749414;
  -0.00867758077891006, 0.9998673362853758, 0.01378439049841235, 1.138973489702563;
  0.03237625529594271, -0.01349675079876144, 0.9993846185582846, 5.389413315154528]
next to triangulate ,inliers size: 402
match size: 1420
match size: 402
begin triangulation
p query index 6
[0.9994380809659182, 0.009118527702615299, -0.03225484099634047, -2.146370150749414;
  -0.00867758077891006, 0.9998673362853758, 0.01378439049841235, 1.138973489702563;
  0.03237625529594271, -0.01349675079876144, 0.9993846185582846, 5.389413315154528]
p train index 1
[0.9999419761981452, 0.004376353831607614, -0.009843361422113998, -3.06344163819034;
  -0.0042027025770899, 0.9998363897904712, 0.01759349146145924, 1.313249824889343;
  0.009918746291458001, -0.0175511018997807, 0.9997967679954294, 4.820713610434106]
getalign
triangulate points
Triangulating...Done. (402points, 0.0350767s, mean reproj err = 1.29543)
triangulation reproj error 1.29543
test triangulate
389/402 = 96.7662% are in front of camera
389/402 = 96.7662% are in front of camera
filtered out 26 high-error points
311/376 points were found in other views, adding 65 new
before triangulation: 1437 after 1437
======================== Bundle Adjustment ==========================
N (cams) = 2 M (points) = 376 K (measurements) = 752
intrinsic before bundle = [ 673.81 0 357.124 
0 673.81 217.214 
0 0 1 ]
Read the 3D points.
Read the cameras.
Read 752 valid 2D measurements.
mean reprojection error (in pixels): 15.3405
K0 = [ 1 0 0.530007 
0 1 0.322368 
0 0 1 ]
optimizer status = 0
refined K = [ 0.984565 0 0.530408 
0 0.984565 0.303812 
0 0 1 ]
Knew = [ 663.409 0 357.394 
0 663.409 204.712 
0 0 1 ]
mean reprojection error (in pixels): 1.16016
use new K 
[663.409441256583, 0, 357.3938561570629;
  0, 663.409441256583, 204.7115768121809;
  0, 0, 1]
F keeping 1273 / 1458
1458 matches before, 1273 new matches after Fundamental Matrix
-----------------------------------------------------------------
find 2d 3d correspondences
query frame keypoints: 2309
train frame keypoints: 2280
match size: 1458
-----------------------------------------------------------------
found 963 3d-2d point correspondences
-------------------------------------------------------------------------
find pose estimation
3d point: 963
2d point: 963
inliers size: 195
projected point: 963
--------------------------------------------------------------------------
(195/963)
found t = [-5.25867523505301; 1.648905767485619; -2.180787860631718]
R = 
[0.9994637770808363, -0.009244653123572463, 0.03141169673757121;
  0.008130923187291365, 0.9993401287724005, 0.03540049594687009;
  -0.03171823436811525, -0.03512610729623793, 0.9988794272557536]
frame pose [0.9994637770808363, -0.009244653123572463, 0.03141169673757121, -5.25867523505301;
  0.008130923187291365, 0.9993401287724005, 0.03540049594687009, 1.648905767485619;
  -0.03171823436811525, -0.03512610729623793, 0.9988794272557536, -2.180787860631718]
next to triangulate ,inliers size: 195
match size: 1458
match size: 195
begin triangulation
p query index 7
[0.9994637770808363, -0.009244653123572463, 0.03141169673757121, -5.25867523505301;
  0.008130923187291365, 0.9993401287724005, 0.03540049594687009, 1.648905767485619;
  -0.03171823436811525, -0.03512610729623793, 0.9988794272557536, -2.180787860631718]
p train index 1
[0.9996382208373902, 0.00884166354389275, -0.02540181936066148, -0.543767666781911;
  -0.008237277622870373, 0.999682805042072, 0.02379992774311347, 2.766785818542145;
  0.02560419298511166, -0.02358207558698459, 0.9993939718712477, -4.841024762375187]
getalign
triangulate points
Triangulating...Done. (195points, 0.0165853s, mean reproj err = 1.41758)
triangulation reproj error 1.41758
test triangulate
192/195 = 98.4615% are in front of camera
192/195 = 98.4615% are in front of camera
filtered out 5 high-error points
166/190 points were found in other views, adding 24 new
before triangulation: 1461 after 1461
======================== Bundle Adjustment ==========================
N (cams) = 2 M (points) = 190 K (measurements) = 380
intrinsic before bundle = [ 663.409 0 357.394 
0 663.409 204.712 
0 0 1 ]
Read the 3D points.
Read the cameras.
Read 380 valid 2D measurements.
mean reprojection error (in pixels): 32.8545
K0 = [ 1 0 0.538723 
0 1 0.308575 
0 0 1 ]
optimizer status = 0
refined K = [ 0.985524 0 0.548029 
0 0.985524 0.310927 
0 0 1 ]
Knew = [ 653.806 0 363.568 
0 653.806 206.272 
0 0 1 ]
mean reprojection error (in pixels): 1.1991
use new K 
[653.8058579247547, 0, 363.5676505928972;
  0, 653.8058579247547, 206.2720457678219;
  0, 0, 1]
F keeping 1221 / 1392
1392 matches before, 1221 new matches after Fundamental Matrix
-----------------------------------------------------------------
find 2d 3d correspondences
query frame keypoints: 2189
train frame keypoints: 2280
match size: 1392
-----------------------------------------------------------------
found 972 3d-2d point correspondences
-------------------------------------------------------------------------
find pose estimation
3d point: 972
2d point: 972
inliers size: 220
projected point: 972
--------------------------------------------------------------------------
(220/972)
found t = [-2.078084882290725; 4.787016491862131; 0.05600819522647171]
R = 
[0.9972680256471154, 0.07380862977198126, -0.002961620010572481;
  -0.07354498172638373, 0.9883628349699999, -0.1331542042630674;
  -0.006900774215282207, 0.1330082426816, 0.9910909073813473]
frame pose [0.9972680256471154, 0.07380862977198126, -0.002961620010572481, -2.078084882290725;
  -0.07354498172638373, 0.9883628349699999, -0.1331542042630674, 4.787016491862131;
  -0.006900774215282207, 0.1330082426816, 0.9910909073813473, 0.05600819522647171]
next to triangulate ,inliers size: 220
match size: 1392
match size: 220
begin triangulation
p query index 8
[0.9972680256471154, 0.07380862977198126, -0.002961620010572481, -2.078084882290725;
  -0.07354498172638373, 0.9883628349699999, -0.1331542042630674, 4.787016491862131;
  -0.006900774215282207, 0.1330082426816, 0.9910909073813473, 0.05600819522647171]
p train index 1
[0.9998704556394106, 0.003604582484612068, -0.01568690296226786, -1.631997051912245;
  -0.003177265249996716, 0.9996254908133322, 0.02718056477954207, 2.624299045050876;
  0.01577900266072431, -0.02712720223899506, 0.999507447682965, -5.620836685195033]
getalign
triangulate points
Triangulating...Done. (220points, 0.01924s, mean reproj err = 154.363)
triangulation reproj error 154.363
test triangulate
220/220 = 100% are in front of camera
214/220 = 97.2727% are in front of camera
filtered out 170 high-error points
41/50 points were found in other views, adding 9 new
before triangulation: 1470 after 1470
======================== Bundle Adjustment ==========================
N (cams) = 2 M (points) = 50 K (measurements) = 100
intrinsic before bundle = [ 653.806 0 363.568 
0 653.806 206.272 
0 0 1 ]
Read the 3D points.
Read the cameras.
Read 100 valid 2D measurements.
mean reprojection error (in pixels): 42.6832
K0 = [ 1 0 0.556079 
0 1 0.315494 
0 0 1 ]
optimizer status = 0
refined K = [ 1.02301 0 0.437636 
0 1.02301 0.321188 
0 0 1 ]
Knew = [ 668.851 0 286.129 
0 668.851 209.995 
0 0 1 ]
mean reprojection error (in pixels): 0.910277
use new K 
[668.8505221158372, 0, 286.1292725142875;
  0, 668.8505221158372, 209.9948462195301;
  0, 0, 1]
F keeping 1226 / 1382
1382 matches before, 1226 new matches after Fundamental Matrix
-----------------------------------------------------------------
find 2d 3d correspondences
query frame keypoints: 2224
train frame keypoints: 2280
match size: 1382
-----------------------------------------------------------------
found 961 3d-2d point correspondences
-------------------------------------------------------------------------
find pose estimation
3d point: 961
2d point: 961
inliers size: 243
projected point: 961
--------------------------------------------------------------------------
(243/961)
found t = [-0.01536827761782966; 0.9435086783941402; 3.4436724669239]
R = 
[0.9991346024422305, 0.03420360635740741, 0.02366768925673994;
  -0.03482501241438864, 0.9990456969262374, 0.02636122082731419;
  -0.02274345428785523, -0.02716263546337627, 0.9993722662360308]
frame pose [0.9991346024422305, 0.03420360635740741, 0.02366768925673994, -0.01536827761782966;
  -0.03482501241438864, 0.9990456969262374, 0.02636122082731419, 0.9435086783941402;
  -0.02274345428785523, -0.02716263546337627, 0.9993722662360308, 3.4436724669239]
next to triangulate ,inliers size: 243
match size: 1382
match size: 243
begin triangulation
p query index 9
[0.9991346024422305, 0.03420360635740741, 0.02366768925673994, -0.01536827761782966;
  -0.03482501241438864, 0.9990456969262374, 0.02636122082731419, 0.9435086783941402;
  -0.02274345428785523, -0.02716263546337627, 0.9993722662360308, 3.4436724669239]
p train index 1
[0.9990420982309467, 0.03989910128075386, 0.01797074509568892, 0.6782216355635091;
  -0.03946142557350358, 0.9989307958724957, -0.02408445451421512, 3.022907450888312;
  -0.01891247879081274, 0.02335223275253548, 0.9995483937116075, 12.20236413112825]
getalign
triangulate points
Triangulating...Done. (243points, 0.021104s, mean reproj err = 17.3998)
triangulation reproj error 17.3998
test triangulate
239/243 = 98.3539% are in front of camera
243/243 = 100% are in front of camera
filtered out 50 high-error points
161/193 points were found in other views, adding 32 new
before triangulation: 1502 after 1502
======================== Bundle Adjustment ==========================
N (cams) = 2 M (points) = 193 K (measurements) = 386
intrinsic before bundle = [ 668.851 0 286.129 
0 668.851 209.995 
0 0 1 ]
Read the 3D points.
Read the cameras.
Read 386 valid 2D measurements.
mean reprojection error (in pixels): 28.5164
K0 = [ 1 0 0.427793 
0 1 0.313964 
0 0 1 ]
optimizer status = 0
refined K = [ 1.05225 0 0.397923 
0 1.05225 0.305298 
0 0 1 ]
Knew = [ 703.797 0 266.151 
0 703.797 204.198 
0 0 1 ]
mean reprojection error (in pixels): 1.06043
use new K 
[703.7966033946124, 0, 266.1508351469264;
  0, 703.7966033946124, 204.1983978613694;
  0, 0, 1]
F keeping 1306 / 1410
1410 matches before, 1306 new matches after Fundamental Matrix
-----------------------------------------------------------------
find 2d 3d correspondences
query frame keypoints: 2300
train frame keypoints: 2280
match size: 1410
-----------------------------------------------------------------
found 995 3d-2d point correspondences
-------------------------------------------------------------------------
find pose estimation
3d point: 995
2d point: 995
inliers size: 277
projected point: 995
--------------------------------------------------------------------------
(277/995)
found t = [0.1988543880324158; 2.065800957437243; 7.513927494453775]
R = 
[0.9983070810677991, 0.01605981234548872, 0.05590218526424903;
  -0.01693514243143816, 0.999740744684923, 0.01521986753103858;
  -0.05564326410912318, -0.0161408129988284, 0.9983202398604464]
frame pose [0.9983070810677991, 0.01605981234548872, 0.05590218526424903, 0.1988543880324158;
  -0.01693514243143816, 0.999740744684923, 0.01521986753103858, 2.065800957437243;
  -0.05564326410912318, -0.0161408129988284, 0.9983202398604464, 7.513927494453775]
next to triangulate ,inliers size: 277
match size: 1410
match size: 277
begin triangulation
p query index 10
[0.9983070810677991, 0.01605981234548872, 0.05590218526424903, 0.1988543880324158;
  -0.01693514243143816, 0.999740744684923, 0.01521986753103858, 2.065800957437243;
  -0.05564326410912318, -0.0161408129988284, 0.9983202398604464, 7.513927494453775]
p train index 1
[0.9994154132301791, 0.03293052221689694, 0.00918762779345076, 3.78622328834909;
  -0.03291543452271929, 0.9994565398260488, -0.001788622129660571, 2.005705429258843;
  -0.009241534944430382, 0.001485161763773022, 0.9999561932036839, 23.06789187796325]
getalign
triangulate points
Triangulating...Done. (277points, 0.0229543s, mean reproj err = 26.8996)
triangulation reproj error 26.8996
test triangulate
201/277 = 72.5632% are in front of camera
Triangulation did not succeed
F keeping 1280 / 1430
1430 matches before, 1280 new matches after Fundamental Matrix
-----------------------------------------------------------------
find 2d 3d correspondences
query frame keypoints: 2316
train frame keypoints: 2280
match size: 1430
-----------------------------------------------------------------
found 1001 3d-2d point correspondences
-------------------------------------------------------------------------
find pose estimation
3d point: 1001
2d point: 1001
inliers size: 211
projected point: 1001
--------------------------------------------------------------------------
(211/1001)
found t = [4.750424133275183; 3.944147226498273; 16.96167846038204]
R = 
[0.9999756541955431, 0.006811345940618002, -0.001515448010612745;
  -0.006835222868014792, 0.9998429365327156, -0.01635181928657086;
  0.001403832091174405, 0.01636177961327343, 0.9998651516196304]
frame pose [0.9999756541955431, 0.006811345940618002, -0.001515448010612745, 4.750424133275183;
  -0.006835222868014792, 0.9998429365327156, -0.01635181928657086, 3.944147226498273;
  0.001403832091174405, 0.01636177961327343, 0.9998651516196304, 16.96167846038204]
next to triangulate ,inliers size: 211
match size: 1430
match size: 211
begin triangulation
p query index 11
[0.9999756541955431, 0.006811345940618002, -0.001515448010612745, 4.750424133275183;
  -0.006835222868014792, 0.9998429365327156, -0.01635181928657086, 3.944147226498273;
  0.001403832091174405, 0.01636177961327343, 0.9998651516196304, 16.96167846038204]
p train index 1
[0.9994154132301791, 0.03293052221689694, 0.00918762779345076, 3.78622328834909;
  -0.03291543452271929, 0.9994565398260488, -0.001788622129660571, 2.005705429258843;
  -0.009241534944430382, 0.001485161763773022, 0.9999561932036839, 23.06789187796325]
getalign
triangulate points
Triangulating...Done. (211points, 0.0178958s, mean reproj err = 5.42086)
triangulation reproj error 5.42086
test triangulate
200/211 = 94.7867% are in front of camera
201/211 = 95.2607% are in front of camera
filtered out 17 high-error points
154/194 points were found in other views, adding 40 new
before triangulation: 1542 after 1542
======================== Bundle Adjustment ==========================
N (cams) = 2 M (points) = 194 K (measurements) = 388
intrinsic before bundle = [ 703.797 0 266.151 
0 703.797 204.198 
0 0 1 ]
Read the 3D points.
Read the cameras.
Read 388 valid 2D measurements.
mean reprojection error (in pixels): 36.0795
K0 = [ 1 0 0.378164 
0 1 0.290138 
0 0 1 ]
optimizer status = 1
refined K = [ 0.999938 0 0.381559 
0 0.999938 0.291119 
0 0 1 ]
Knew = [ 703.753 0 268.54 
0 703.753 204.888 
0 0 1 ]
mean reprojection error (in pixels): 1.76425
use new K 
[703.7527766043794, 0, 268.540183681895;
  0, 703.7527766043794, 204.888246877522;
  0, 0, 1]
F keeping 1352 / 1409
1409 matches before, 1352 new matches after Fundamental Matrix
-----------------------------------------------------------------
find 2d 3d correspondences
query frame keypoints: 2216
train frame keypoints: 2280
match size: 1409
-----------------------------------------------------------------
found 1004 3d-2d point correspondences
-------------------------------------------------------------------------
find pose estimation
3d point: 1004
2d point: 1004
inliers size: 261
projected point: 1004
--------------------------------------------------------------------------
(261/1004)
found t = [5.057456209429998; 3.45115348202471; 12.01245564271478]
R = 
[0.9999313801977965, 0.01168800202918104, 0.0007908882952433661;
  -0.01168050510753796, 0.9998921796763368, -0.008899147292693744;
  -0.0008948162730263771, 0.008889298660194656, 0.9999600890401413]
frame pose [0.9999313801977965, 0.01168800202918104, 0.0007908882952433661, 5.057456209429998;
  -0.01168050510753796, 0.9998921796763368, -0.008899147292693744, 3.45115348202471;
  -0.0008948162730263771, 0.008889298660194656, 0.9999600890401413, 12.01245564271478]
next to triangulate ,inliers size: 261
match size: 1409
match size: 261
begin triangulation
p query index 12
[0.9999313801977965, 0.01168800202918104, 0.0007908882952433661, 5.057456209429998;
  -0.01168050510753796, 0.9998921796763368, -0.008899147292693744, 3.45115348202471;
  -0.0008948162730263771, 0.008889298660194656, 0.9999600890401413, 12.01245564271478]
p train index 1
[0.9997448929282107, 0.02118642868894915, 0.00782842917620912, 3.561345700350848;
  -0.02112844573433432, 0.9997492596456262, -0.007416644718057218, 2.740067084216048;
  -0.007983598487533692, 0.007249350138506204, 0.9999418528483322, 13.82317263847395]
getalign
triangulate points
Triangulating...Done. (261points, 0.0223754s, mean reproj err = 7.00004)
triangulation reproj error 7.00004
test triangulate
189/261 = 72.4138% are in front of camera
Triangulation did not succeed
F keeping 1131 / 1404
1404 matches before, 1131 new matches after Fundamental Matrix
-----------------------------------------------------------------
find 2d 3d correspondences
query frame keypoints: 2223
train frame keypoints: 2280
match size: 1404
-----------------------------------------------------------------
found 1009 3d-2d point correspondences
-------------------------------------------------------------------------
find pose estimation
3d point: 1009
2d point: 1009
inliers size: 132
projected point: 1009
--------------------------------------------------------------------------
(132/1009)
not enough inliers to consider a good pose (132/1009)
lost a frame
F keeping 1208 / 1407
1407 matches before, 1208 new matches after Fundamental Matrix
-----------------------------------------------------------------
find 2d 3d correspondences
query frame keypoints: 2254
train frame keypoints: 2280
match size: 1407
-----------------------------------------------------------------
found 1029 3d-2d point correspondences
-------------------------------------------------------------------------
find pose estimation
3d point: 1029
2d point: 1029
inliers size: 178
projected point: 1029
--------------------------------------------------------------------------
(178/1029)
not enough inliers to consider a good pose (178/1029)
lost a frame
F keeping 1337 / 1408
1408 matches before, 1337 new matches after Fundamental Matrix
-----------------------------------------------------------------
find 2d 3d correspondences
query frame keypoints: 2274
train frame keypoints: 2280
match size: 1408
-----------------------------------------------------------------
found 1031 3d-2d point correspondences
-------------------------------------------------------------------------
find pose estimation
3d point: 1031
2d point: 1031
inliers size: 287
projected point: 1031
--------------------------------------------------------------------------
(287/1031)
found t = [-0.3155023799577652; -0.9497710630787708; -0.3341705412793345]
R = 
[0.9965710593771059, -0.0341620925791895, 0.07535963802065203;
  0.02791355759003282, 0.9962029678348475, 0.08246502397810694;
  -0.07789067283481853, -0.08007870071156699, 0.9937406325483962]
frame pose [0.9965710593771059, -0.0341620925791895, 0.07535963802065203, -0.3155023799577652;
  0.02791355759003282, 0.9962029678348475, 0.08246502397810694, -0.9497710630787708;
  -0.07789067283481853, -0.08007870071156699, 0.9937406325483962, -0.3341705412793345]
next to triangulate ,inliers size: 287
match size: 1408
match size: 287
begin triangulation
p query index 13
[0.9965710593771059, -0.0341620925791895, 0.07535963802065203, -0.3155023799577652;
  0.02791355759003282, 0.9962029678348475, 0.08246502397810694, -0.9497710630787708;
  -0.07789067283481853, -0.08007870071156699, 0.9937406325483962, -0.3341705412793345]
p train index 1
[0.9997448929282107, 0.02118642868894915, 0.00782842917620912, 3.561345700350848;
  -0.02112844573433432, 0.9997492596456262, -0.007416644718057218, 2.740067084216048;
  -0.007983598487533692, 0.007249350138506204, 0.9999418528483322, 13.82317263847395]
getalign
triangulate points
Triangulating...Done. (287points, 0.0245435s, mean reproj err = 14.9556)
triangulation reproj error 14.9556
test triangulate
285/287 = 99.3031% are in front of camera
286/287 = 99.6516% are in front of camera
filtered out 60 high-error points
194/227 points were found in other views, adding 33 new
before triangulation: 1575 after 1575
======================== Bundle Adjustment ==========================
N (cams) = 2 M (points) = 227 K (measurements) = 454
intrinsic before bundle = [ 703.753 0 268.54 
0 703.753 204.888 
0 0 1 ]
Read the 3D points.
Read the cameras.
Read 454 valid 2D measurements.
mean reprojection error (in pixels): 43.1715
K0 = [ 1 0 0.381583 
0 1 0.291137 
0 0 1 ]
optimizer status = 0
refined K = [ 0.960242 0 0.404517 
0 0.960242 0.271791 
0 0 1 ]
Knew = [ 675.773 0 284.68 
0 675.773 191.274 
0 0 1 ]
mean reprojection error (in pixels): 0.862878
use new K 
[675.7726319800322, 0, 284.6801222382276;
  0, 675.7726319800322, 191.2736735919781;
  0, 0, 1]
F keeping 1318 / 1423
1423 matches before, 1318 new matches after Fundamental Matrix
-----------------------------------------------------------------
find 2d 3d correspondences
query frame keypoints: 2292
train frame keypoints: 2280
match size: 1423
-----------------------------------------------------------------
found 1072 3d-2d point correspondences
-------------------------------------------------------------------------
find pose estimation
3d point: 1072
2d point: 1072
inliers size: 393
projected point: 1072
--------------------------------------------------------------------------
(393/1072)
found t = [2.506065237250543; 2.837093071177416; 9.839847896115579]
R = 
[0.9997648747697404, 0.02162583687170859, 0.001586932967573872;
  -0.02165119182329276, 0.9995993897557566, 0.0182287106661468;
  -0.001192086102722469, -0.01825878362644574, 0.9998325838615214]
frame pose [0.9997648747697404, 0.02162583687170859, 0.001586932967573872, 2.506065237250543;
  -0.02165119182329276, 0.9995993897557566, 0.0182287106661468, 2.837093071177416;
  -0.001192086102722469, -0.01825878362644574, 0.9998325838615214, 9.839847896115579]
next to triangulate ,inliers size: 393
match size: 1423
match size: 393
begin triangulation
p query index 14
[0.9997648747697404, 0.02162583687170859, 0.001586932967573872, 2.506065237250543;
  -0.02165119182329276, 0.9995993897557566, 0.0182287106661468, 2.837093071177416;
  -0.001192086102722469, -0.01825878362644574, 0.9998325838615214, 9.839847896115579]
p train index 1
[0.9998949965299735, -0.001536608910555158, 0.01440953668157956, 3.916672265107156;
  0.0010792368509652, 0.9994969997601446, 0.03169515291475029, 3.111808034564689;
  -0.01445099173556274, -0.03167627351071907, 0.99939370747185, -4.475414458245171]
getalign
triangulate points
Triangulating...Done. (393points, 0.0337354s, mean reproj err = 24.7709)
triangulation reproj error 24.7709
test triangulate
178/393 = 45.2926% are in front of camera
Triangulation did not succeed
