hello world
=========================== Baseline triangulation ===========================
Find camera matrices...
before fundamentalMat 22716
F keeping 16793 / 22716
22716 matches before, 16793 new matches after Fundamental Matrix
after fundamentalMat 16793
K
[1024, 0, 512;
  0, 1024, 384;
  0, 0, 1]
F
[-5.620550371127428e-006, 0.0001038043788116711, -0.05657457506038091;
  -0.0001025439359784004, -3.568418789904719e-006, 0.110495528584136;
  0.06154310317752443, -0.1096368669883597, 1]
det(F)
-2.11758e-022
E
[-5.893574225955314, 108.8467803168269, -20.06160935599763;
  -107.5251102124872, -3.741758301043131, 57.98170680102054;
  19.75143421112467, -59.24792100055804, 2.12184727574628]
----------------------- SVD ------------------------
U:
[0.871969899986738, -0.1086606089370202, -0.4773482644595599;
  0.05032638025976771, 0.9897866334741139, -0.1333779428763588;
  -0.486965860165851, -0.09227834123680349, -0.8685326469232557]
W:
[126.1786750763325; 123.3135510214801; 2.165620363440833e-014]
Vt:
[-0.1598419308993865, 0.9793613836407902, -0.1237005956313595;
  -0.8726465678881379, -0.08160984601530222, 0.48148499518304;
  0.4614526245232647, 0.1849083915525631, 0.8676810255238009]
----------------------------------------------------
singular value ratio: 0.977293
det(R) == -1 [-1]: flip E's sign
----------------------- SVD ------------------------
U:
[-0.871969899986738, 0.1086606089370202, 0.4773482644595599;
  -0.05032638025976771, -0.9897866334741139, 0.1333779428763588;
  0.486965860165851, 0.09227834123680349, 0.8685326469232557]
W:
[126.1786750763325; 123.3135510214801; 2.165620363440833e-014]
Vt:
[-0.1598419308993865, 0.9793613836407902, -0.1237005956313595;
  -0.8726465678881379, -0.08160984601530222, 0.48148499518304;
  0.4614526245232647, 0.1849083915525631, 0.8676810255238009]
----------------------------------------------------
singular value ratio: 0.977293
P
[1, 0, 0, 0;
  0, 1, 0, 0;
  0, 0, 1, 0]
Testing P1 
[-0.5580164526238969, 0.1235223748395394, 0.8205850726859723, 0.4773482644595599;
  0.1758398654587959, -0.9488032341260179, 0.262398103322874, 0.1333779428763588;
  0.8109858077158161, 0.2907140275700665, 0.5077276571721456, 0.8685326469232557]
test branch 1
Triangulating...Done. (16793points, 1.47866s, mean reproj err = 2.2143)
Triangulating...Done. (16793points, 1.47164s, mean reproj err = 2.27918)
16793/16793 = 100% are in front of camera
0/16793 = 0% are in front of camera
P
[1, 0, 0, 0;
  0, 1, 0, 0;
  0, 0, 1, 0]
Testing P1 
[-0.5580164526238969, 0.1235223748395394, 0.8205850726859723, -0.4773482644595599;
  0.1758398654587959, -0.9488032341260179, 0.262398103322874, -0.1333779428763588;
  0.8109858077158161, 0.2907140275700665, 0.5077276571721456, -0.8685326469232557]
test branch 2
Triangulating...Done. (16793points, 1.42611s, mean reproj err = 2.2143)
Triangulating...Done. (16793points, 1.41959s, mean reproj err = 2.27918)
0/16793 = 0% are in front of camera
P
[1, 0, 0, 0;
  0, 1, 0, 0;
  0, 0, 1, 0]
Testing P1 
[0.9985636715168755, 0.05300902474371004, 0.007786990590582577, 0.4773482644595599;
  -0.05274466187117616, 0.9981286358977323, -0.03093908280844609, 0.1333779428763588;
  -0.009412468902067206, 0.03048392193687227, 0.999490938394398, 0.8685326469232557]
test branch 3
Triangulating...Done. (16793points, 1.42153s, mean reproj err = 3.2093)
Triangulating...Done. (16793points, 1.42355s, mean reproj err = 2.76327)
15734/16793 = 93.6938% are in front of camera
15732/16793 = 93.6819% are in front of camera
Done. (9.24604s)
begin triangulation
p query index 1
[1, 0, 0, 0;
  0, 1, 0, 0;
  0, 0, 1, 0]
p train index 0
[0.9985636715168755, 0.05300902474371004, 0.007786990590582577, 0.4773482644595599;
  -0.05274466187117616, 0.9981286358977323, -0.03093908280844609, 0.1333779428763588;
  -0.009412468902067206, 0.03048392193687227, 0.999490938394398, 0.8685326469232557]
getalign
triangulate points
Triangulating...Done. (16793points, 1.46925s, mean reproj err = 3.2093)
triangulation reproj error 3.2093
test triangulate
15732/16793 = 93.6819% are in front of camera
15734/16793 = 93.6938% are in front of camera
filtered out 1113 high-error points
4311/15680 points were found in other views, adding 11369 new
 after 11369
after init map size: 11369
get color: 
11369  22738
