hello world
=========================== Baseline triangulation ===========================
Find camera matrices...
before fundamentalMat 22716
F keeping 16736 / 22716
22716 matches before, 16736 new matches after Fundamental Matrix
after fundamentalMat 16736
K
[1024, 0, 512;
  0, 1024, 384;
  0, 0, 1]
F
[4.632165911368509e-006, -8.358559724233219e-005, 0.06152381317746108;
  8.394277329641669e-005, 1.582802161605156e-005, 0.1177062560084166;
  -0.05438649211421709, -0.1288382524989112, 1]
det(F)
-2.40346e-020
E
[4.857178002679146, -87.64585121397572, 32.56177948981883;
  88.02037745206343, 16.59688359407288, 170.7652262264276;
  -20.25553737909494, -169.5294648180956, 3.998076657758702]
----------------------- SVD ------------------------
U:
[-0.1491513366456798, 0.4676155537247099, -0.8712574663620049;
  0.8200762490976477, 0.5507978570209173, 0.1552310096826601;
  -0.5524751799336692, 0.6913446424294456, 0.4656326459145254]
W:
[197.4740723383525; 190.0525305903919; 7.026131613156182e-013]
Vt:
[0.418534175515347, 0.6094168518375855, 0.6733797180061598;
  0.1933632238166173, -0.7842375058262575, 0.5895610215496405;
  0.887378052242072, -0.1165445629438689, -0.4460690050286941]
----------------------------------------------------
singular value ratio: 0.962418
det(R) == -1 [-1]: flip E's sign
----------------------- SVD ------------------------
U:
[0.1491513366456798, -0.4676155537247099, 0.8712574663620049;
  -0.8200762490976477, -0.5507978570209173, -0.1552310096826601;
  0.5524751799336692, -0.6913446424294456, -0.4656326459145254]
W:
[197.4740723383525; 190.0525305903919; 7.026131613156182e-013]
Vt:
[0.418534175515347, 0.6094168518375855, 0.6733797180061598;
  0.1933632238166173, -0.7842375058262575, 0.5895610215496405;
  0.887378052242072, -0.1165445629438689, -0.4460690050286941]
----------------------------------------------------
singular value ratio: 0.962418
P
[1, 0, 0, 0;
  0, 1, 0, 0;
  0, 0, 1, 0]
Testing P1 
[0.5485812799749884, -0.269543047008284, -0.7914575952446812, 0.8712574663620049;
  -0.2097037306826783, -0.9607087180254668, 0.1818326275662079, -0.1552310096826601;
  -0.8093719321787543, 0.06622163482846522, -0.5835510007547544, -0.4656326459145254]
test branch 1
Triangulating...Done. (16736points, 1.47522s, mean reproj err = 8.43665)
Triangulating...Done. (16736points, 1.45771s, mean reproj err = 8.40363)
0/16736 = 0% are in front of camera
P
[1, 0, 0, 0;
  0, 1, 0, 0;
  0, 0, 1, 0]
Testing P1 
[0.5485812799749884, -0.269543047008284, -0.7914575952446812, -0.8712574663620049;
  -0.2097037306826783, -0.9607087180254668, 0.1818326275662079, 0.1552310096826601;
  -0.8093719321787543, 0.06622163482846522, -0.5835510007547544, 0.4656326459145254]
test branch 2
Triangulating...Done. (16736points, 1.40545s, mean reproj err = 8.43665)
Triangulating...Done. (16736points, 1.41303s, mean reproj err = 8.40363)
16736/16736 = 100% are in front of camera
0/16736 = 0% are in front of camera
P
[1, 0, 0, 0;
  0, 1, 0, 0;
  0, 0, 1, 0]
Testing P1 
[0.9976882270283686, 0.06646240575079918, 0.01417569295684029, 0.8712574663620049;
  -0.06579345135685993, 0.9968913783830689, -0.0433451434887204, -0.1552310096826601;
  -0.0170124486051535, 0.04231227159254603, 0.9989595828986955, -0.4656326459145254]
test branch 3
Triangulating...Done. (16736points, 1.4127s, mean reproj err = 26.275)
Triangulating...Done. (16736points, 1.41434s, mean reproj err = 26.3754)
14644/16736 = 87.5% are in front of camera
14654/16736 = 87.5598% are in front of camera
Done. (11.4924s)
begin triangulation
p query index 1
[1, 0, 0, 0;
  0, 1, 0, 0;
  0, 0, 1, 0]
p train index 0
[0.9976882270283686, 0.06646240575079918, 0.01417569295684029, 0.8712574663620049;
  -0.06579345135685993, 0.9968913783830689, -0.0433451434887204, -0.1552310096826601;
  -0.0170124486051535, 0.04231227159254603, 0.9989595828986955, -0.4656326459145254]
getalign
triangulate points
Triangulating...Done. (16736points, 1.4604s, mean reproj err = 26.275)
triangulation reproj error 26.275
test triangulate
14654/16736 = 87.5598% are in front of camera
14644/16736 = 87.5% are in front of camera
filtered out 9674 high-error points
1577/7062 points were found in other views, adding 5485 new
 after 5485
after init map size: 5485
get color: 
5485  10970
